0.631042
0.631042
0.631042
0.631042
0.631042
0.631042
0.631042
0.917471
0.917471
0.917471
0.917471
0.917471
0.917471
0.917471
0.917471
0.784861
0.784861
0.784861
0.784861
0.784861
0.784861
0.784861
0.784861
0.784861
0.784861
0.784861
0.784861
0.784861
0.784861
0.784861
0.784861
0.784861
0.784861
0.784861
0.784861
0.784861
0.784861
0.784861
0.784861
0.784861
0.833508
0.833508
0.833508
0.833508
0.833508
0.395136
0.395136
0.395136
0.395136
0.395136
0.395136
0.395136
0.784861
0.364478
0.364478
0.364478
0.364478
0.364478
0.364478
0.364478
0.364478
0.364478
0.364478
0.364478
0.364478
0.364478
0.364478
0.364478
0.364478
0.364478
0.364478
0.364478
0.364478
0.364478
0.364478
0.364478
0.364478
0.364478
0.364478
0.364478
0.364478
0.364478
0.364478
0.364478
0.364478
0.364478
0.364478
0.364478
0.364478
0.364478
0.364478
0.364478
0.364478
0.364478
0.364478
0.364478
0.364478
0.364478
0.364478
0.364478
0.364478
0.364478
0.364478
0.364478
0.364478
0.364478
0.364478
0.364478
0.364478
0.364478
0.364478
0.364478
0.364478
0.364478
0.364478
0.364478
0.364478
0.364478
0.364478
0.364478
0.364478
0.364478
0.364478
0.364478
0.364478
0.364478
0.364478
0.364478
0.364478
0.364478
0.364478
0.364478
0.364478
0.364478
0.364478
0.364478
0.364478
0.746536
0.746536
0.746536
0.746536
0.746536
0.634525
0.634525
0.634525
0.634525
0.634525
0.634525
0.634525
0.634525
0.634525
0.634525
0.634525
0.634525
0.634525
0.634525
0.634525
0.634525
0.634525
0.634525
0.634525
0.634525
0.634525
0.634525
0.634525
0.784861
0.784861
0.784861
0.784861
0.784861
0.668971
0.668971
0.668971
0.668971
0.668971
0.668971
0.668971
0.668971
0.668971
0.668971
0.668971
0.668971
0.908394
0.908394
0.908394
0.908394
0.908394
0.908394
0.908394
0.908394
0.908394
0.908394
0.908394
0.908394
0.908394
0.908394
0.908394
0.908394
0.908394
0.908394
0.908394
0.908394
0.908394
0.908394
0.908394
0.908394
0.908394
0.908394
0.908394
0.908394
0.908394
0.908394
0.908394
0.908394
0.908394
0.908394
0.908394
0.908394
0.908394
0.908394
0.908394
0.908394
0.908394
0.908394
0.908394
0.908394
0.908394
0.908394
0.908394
0.908394
0.908394
0.908394
0.784861
0.784861
0.784861
0.784861
0.784861
0.784861
0.784861
0.784861
0.784861
0.784861
0.784861
0.784861
0.784861
0.784861
0.784861
0.784861
0.784861
0.784861
0.784861
0.784861
0.784861
0.784861
0.784861
0.525975
0.525975
0.525975
0.525975
0.525975
0.525975
0.525975
0.525975
0.525975
0.525975
0.525975
0.525975
0.525975
0.525975
0.525975
0.525975
0.525975
0.525975
0.525975
0.525975
0.525975
0.525975
0.525975
0.525975
0.525975
0.525975
0.525975
0.525975
0.525975
0.525975
0.525975
0.525975
0.525975
0.739372
0.739372
0.739372
0.739372
0.739372
0.739372
0.739372
0.582442
0.582442
0.582442
0.582442
0.582442
0.582442
0.582442
0.582442
0.582442
0.582442
0.582442
0.582442
0.582442
0.582442
0.582442
0.582442
0.582442
0.582442
0.582442
0.582442
0.582442
0.582442
0.582442
0.582442
0.582442
0.582442
0.582442
0.582442
0.582442
0.582442
0.582442
0.582442
0.582442
0.582442
0.582442
0.582442
0.582442
0.582442
0.582442
0.582442
0.582442
0.582442
0.582442
0.582442
0.582442
0.582442
0.582442
0.582442
0.582442
0.582442
0.582442
0.582442
0.582442
0.582442
0.582442
0.582442
0.582442
0.582442
0.582442
0.582442
0.582442
0.582442
0.582442
0.582442
0.582442
0.582442
0.754315
0.754315
0.754315
0.754315
0.754315
0.754315
0.754315
0.754315
0.754315
0.754315
0.754315
0.754315
0.754315
0.754315
0.754315
0.754315
0.754315
0.754315
0.754315
0.754315
0.754315
0.754315
0.754315
0.754315
0.754315
0.754315
0.754315
0.754315
0.754315
0.754315
0.754315
0.754315
0.754315
0.917471
0.917471
0.917471
0.917471
0.917471
0.917471
0.917471
0.917471
0.917471
0.917471
0.917471
0.917471
0.917471
0.917471
0.421677
0.421677
0.421677
0.421677
0.421677
0.421677
0.421677
0.421677
0.421677
0.421677
0.421677
0.421677
0.421677
0.421677
0.421677
0.421677
0.421677
0.421677
0.421677
0.421677
0.421677
0.421677
0.421677
0.421677
0.421677
0.421677
0.421677
0.421677
0.421677
0.421677
0.421677
0.421677
0.421677
0.421677
0.421677
0.421677
0.421677
0.421677
0.421677
0.421677
0.421677
0.421677
0.421677
0.421677
0.421677
0.421677
0.421677
0.421677
0.421677
0.421677
0.421677
0.421677
0.421677
0.421677
0.421677
0.421677
0.421677
0.421677
0.421677
0.421677
0.421677
0.421677
0.421677
0.421677
0.421677
0.421677
0.421677
0.421677
0.421677
0.421677
0.421677
0.421677
0.421677
0.421677
0.421677
0.421677
0.421677
0.421677
0.421677
0.421677
0.421677
0.421677
0.421677
0.421677
0.421677
0.421677
0.822869
0.822869
0.822869
0.822869
0.822869
0.822869
0.822869
0.822869
0.822869
0.822869
0.822869
0.822869
0.822869
0.822869
0.822869
0.822869
0.822869
0.822869
0.822869
0.822869
0.822869
0.822869
0.822869
0.822869
0.822869
0.822869
0.822869
0.822869
0.822869
0.822869
0.822869
0.580644
0.580644
0.580644
0.580644
0.580644
0.580644
0.580644
0.580644
0.580644
0.580644
0.580644
0.580644
0.580644
0.580644
0.580644
0.580644
0.580644
0.580644
0.580644
0.580644
0.580644
0.580644
0.580644
0.784861
0.784861
0.784861
0.784861
0.784861
0.784861
0.784861
0.908394
0.908394
0.917471
0.917471
0.917471
0.917471
0.917471
0.917471
0.917471
0.917471
0.917471
0.917471
0.686106
0.686106
0.686106
0.686106
0.686106
0.686106
0.686106
0.686106
0.451993
0.451993
0.451993
0.451993
0.451993
0.451993
0.512549
0.512549
0.548024
0.548024
0.548024
0.548024
0.548024
0.548024
0.548024
0.548024
0.548024
0.548024
0.548024
0.548024
0.548024
0.548024
0.548024
0.548024
0.548024
0.548024
0.548024
0.548024
0.548024
0.548024
0.548024
0.361138
0.361138
0.361138
0.361138
0.361138
0.361138
0.361138
0.361138
0.361138
0.361138
0.361138
0.361138
0.361138
0.361138
0.361138
0.361138
0.361138
0.361138
0.361138
0.361138
0.361138
0.361138
0.361138
0.361138
0.361138
0.361138
0.361138
0.361138
0.361138
0.361138
0.695478
0.695478
0.695478
0.695478
0.695478
0.695478
0.695478
0.695478
0.695478
0.695478
0.695478
0.695478
0.695478
0.695478
0.695478
0.695478
0.695478
0.695478
0.695478
0.695478
0.695478
0.695478
0.695478
0.695478
0.695478
0.695478
0.695478
0.695478
0.695478
0.695478
0.695478
0.695478
0.695478
0.695478
0.695478
0.695478
0.695478
0.695478
0.695478
0.695478
0.695478
0.695478
0.695478
0.695478
0.695478
0.695478
0.695478
0.695478
0.695478
0.695478
0.695478
0.695478
0.695478
0.695478
0.695478
0.695478
0.695478
0.695478
0.695478
0.695478
0.695478
0.695478
0.695478
0.695478
0.695478
0.695478
0.695478
0.695478
0.695478
0.695478
0.695478
0.695478
0.695478
0.695478
0.695478
0.695478
0.695478
0.695478
0.695478
0.695478
0.695478
0.695478
0.695478
0.695478
0.695478
0.695478
0.695478
0.695478
0.695478
0.695478
0.695478
0.695478
0.695478
0.695478
0.695478
0.695478
0.695478
0.695478
0.695478
0.695478
0.483677
0.483677
0.483677
0.483677
0.483677
0.483677
0.483677
0.483677
0.483677
0.483677
0.483677
0.483677
0.483677
0.483677
0.483677
0.483677
0.483677
0.483677
0.483677
0.483677
0.483677
0.483677
0.483677
0.483677
0.483677
0.483677
0.483677
0.483677
0.483677
0.483677
0.483677
0.483677
0.483677
0.483677
0.483677
0.483677
0.483677
0.483677
0.483677
0.483677
0.66728
0.66728
0.66728
0.66728
0.66728
0.66728
0.66728
0.66728
0.66728
0.66728
0.66728
0.66728
0.66728
0.66728
0.66728
0.66728
0.66728
0.66728
0.66728
0.66728
0.66728
0.66728
0.66728
0.66728
0.66728
0.66728
0.66728
0.66728
0.66728
0.66728
0.66728
0.66728
0.66728
0.66728
0.66728
0.66728
0.66728
0.66728
0.66728
0.66728
0.66728
0.481794
0.481794
0.481794
0.481794
0.481794
0.481794
0.481794
0.481794
0.481794
0.481794
0.481794
0.481794
0.481794
0.481794
0.481794
0.481794
0.481794
0.481794
0.481794
0.481794
0.481794
0.481794
0.481794
0.481794
0.481794
0.481794
0.481794
0.481794
0.481794
0.481794
0.481794
0.481794
0.481794
0.481794
0.481794
0.481794
0.481794
0.481794
0.481794
0.481794
0.481794
0.481794
0.481794
0.481794
0.481794
0.481794
0.481794
0.481794
0.481794
0.481794
0.481794
0.481794
0.686106
0.686106
0.686106
0.686106
0.686106
0.686106
0.616446
0.616446
0.616446
0.616446
0.616446
0.354415
0.354415
0.354415
0.354415
0.354415
0.354415
0.354415
0.354415
0.354415
0.354415
0.354415
0.354415
0.354415
0.354415
0.354415
0.354415
0.354415
0.364478
0.364478
0.364478
0.364478
0.364478
0.675337
0.675337
0.675337
0.904044
0.904044
0.904044
0.904044
0.904044
0.904044
0.904044
0.904044
0.904044
0.904044
0.904044
0.904044
0.904044
0.904044
0.625703
0.625703
0.625703
0.625703
0.625703
0.625703
0.625703
0.625703
0.625703
0.625703
0.625703
0.625703
0.908394
0.908394
0.879366
0.917471
0.917471
0.917471
0.917471
0.917471
0.917471
0.908394
0.908394
0.908394
0.908394
0.908394
0.693622
0.693622
0.693622
0.693622
0.693622
0.693622
0.693622
0.693622
0.693622
0.693622
0.693622
0.693622
0.693622
0.693622
0.693622
0.693622
0.693622
0.693622
0.693622
0.693622
0.693622
0.693622
0.693622
0.582484
0.582484
0.582484
0.582484
0.582484
0.582484
0.582484
0.582484
0.582484
0.582484
0.582484
0.582484
0.582484
0.582484
0.784861
0.784861
0.784861
0.784861
0.784861
0.784861
0.784861
0.784861
0.784861
0.746536
0.746536
0.746536
0.746536
0.746536
0.746536
0.746536
0.746536
0.746536
0.746536
0.746536
0.746536
0.746536
0.746536
0.746536
0.746536
0.746536
0.746536
0.746536
0.746536
0.746536
0.746536
0.746536
0.746536
0.746536
0.746536
0.746536
0.746536
0.746536
0.746536
0.746536
0.746536
0.746536
0.746536
0.746536
0.746536
0.746536
0.746536
0.746536
0.746536
0.746536
0.746536
0.746536
0.746536
0.746536
0.908394
0.908394
0.908394
0.908394
0.908394
0.908394
0.908394
0.908394
0.908394
0.908394
0.908394
0.908394
0.908394
0.908394
0.908394
0.908394
0.908394
0.908394
0.908394
0.908394
0.908394
0.908394
0.908394
0.908394
0.908394
0.908394
0.908394
0.908394
0.908394
0.908394
0.908394
0.908394
0.908394
0.908394
0.908394
0.908394
0.908394
0.908394
0.908394
0.908394
0.908394
0.908394
0.908394
0.908394
0.908394
0.908394
0.908394
0.908394
0.908394
0.908394
0.908394
0.908394
0.908394
0.908394
0.908394
0.908394
0.908394
0.908394
0.908394
0.908394
0.908394
0.908394
0.908394
0.908394
0.908394
0.908394
0.908394
0.908394
0.908394
0.908394
0.908394
0.908394
0.908394
0.908394
0.908394
0.908394
0.908394
0.908394
0.908394
0.908394
0.908394
0.908394
0.908394
0.784861
0.784861
0.784861
0.784861
0.784861
0.784861
0.784861
0.784861
0.784861
0.784861
0.784861
0.784861
0.784861
0.784861
0.784861
0.784861
0.784861
0.784861
0.784861
0.784861
0.784861
0.784861
0.784861
0.784861
0.784861
0.784861
0.784861
0.784861
0.784861
0.784861
0.784861
0.784861
0.856596
0.856596
0.856596
0.856596
0.856596
0.856596
0.856596
0.856596
0.856596
0.856596
0.856596
0.784861
0.784861
0.784861
0.784861
0.784861
0.784861
0.784861
0.784861
0.784861
0.784861
0.784861
0.784861
0.784861
0.784861
0.784861
0.784861
0.784861
0.784861
0.784861
0.784861
0.784861
0.784861
0.784861
0.784861
0.784861
0.784861
0.784861
0.784861
0.784861
0.784861
0.784861
0.784861
0.784861
0.602467
0.602467
0.602467
0.822435
0.822435
0.822435
0.822435
0.512549
0.512549
0.512549
0.512549
0.512549
0.512549
0.512549
0.512549
0.512549
0.512549
0.512549
0.512549
0.512549
0.512549
0.512549
0.784861
0.784861
0.821859
0.821859
0.821859
0.821859
0.821859
0.821859
0.821859
0.821859
0.821859
0.385174
0.385174
0.385174
0.385174
0.385174
0.385174
0.385174
0.385174
0.385174
0.385174
0.385174
0.735302
0.735302
0.361138
0.361138
0.361138
0.361138
0.361138
0.361138
0.361138
0.361138
0.361138
0.361138
0.879366
0.879366
0.879366
0.573346
0.573346
0.573346
0.573346
0.746536
0.746536
0.746536
0.746536
0.746536
0.746536
0.695478
0.695478
0.695478
0.695478
0.695478
0.695478
0.695478
0.695478
0.695478
0.695478
0.695478
0.695478
0.695478
0.695478
0.695478
0.695478
0.695478
0.695478
0.695478
0.695478
0.695478
0.695478
0.695478
0.695478
0.695478
0.695478
0.695478
0.695478
0.695478
0.695478
0.695478
0.695478
0.695478
0.695478
0.695478
0.695478
0.695478
0.695478
0.695478
0.695478
0.695478
0.695478
0.695478
0.695478
0.695478
0.695478
0.695478
0.695478
0.695478
0.695478
0.695478
0.695478
0.695478
0.684024
0.684024
0.684024
0.684024
0.684024
0.684024
0.684024
0.684024
0.684024
0.684024
0.684024
0.684024
0.684024
0.684024
0.684024
0.684024
0.684024
0.684024
0.684024
0.684024
0.684024
0.684024
0.684024
0.684024
0.684024
0.684024
0.684024
0.684024
0.684024
0.684024
0.684024
0.684024
0.684024
0.684024
0.684024
0.684024
0.421677
0.421677
0.421677
0.421677
0.421677
0.421677
0.421677
0.421677
0.421677
0.421677
0.421677
0.421677
0.421677
0.421677
0.421677
0.421677
0.421677
0.421677
0.610107
0.610107
0.610107
0.610107
0.610107
0.610107
0.610107
0.610107
0.610107
0.610107
0.610107
0.610107
0.610107
0.610107
0.610107
0.610107
0.610107
0.610107
0.610107
0.610107
0.610107
0.610107
0.610107
0.610107
0.610107
0.610107
0.610107
0.610107
0.610107
0.610107
0.610107
0.610107
0.610107
0.610107
0.610107
0.610107
0.610107
0.610107
0.610107
0.822869
0.822869
0.822869
0.822869
0.822869
0.822869
0.822869
0.822869
0.668573
0.668573
0.668573
0.668573
0.668573
0.668573
0.668573
0.668573
0.668573
0.668573
0.668573
0.668573
0.668573
0.668573
0.668573
0.668573
0.668573
0.668573
0.464941
0.464941
0.464941
0.464941
0.464941
0.464941
0.464941
0.464941
0.464941
0.464941
0.464941
0.464941
0.464941
0.464941
0.464941
0.421677
0.421677
0.421677
0.421677
0.421677
0.421677
0.421677
0.421677
0.421677
0.421677
0.421677
0.421677
0.421677
0.565556
0.565556
0.565556
0.505296
0.505296
0.505296
0.505296
0.505296
0.505296
0.505296
0.505296
0.505296
0.505296
0.505296
0.505296
0.505296
0.505296
0.505296
0.505296
0.505296
0.505296
0.505296
0.505296
0.505296
0.505296
0.505296
0.505296
0.505296
0.505296
0.505296
0.505296
0.505296
0.505296
0.505296
0.505296
0.505296
0.505296
0.505296
0.505296
0.505296
0.505296
0.505296
0.505296
0.505296
0.505296
0.505296
0.505296
0.505296
0.505296
0.505296
0.505296
0.505296
0.505296
0.505296
0.505296
0.505296
0.505296
0.505296
0.505296
0.505296
0.505296
0.505296
0.505296
0.505296
0.505296
0.505296
0.505296
0.505296
0.505296
0.505296
0.505296
0.505296
0.505296
0.505296
0.505296
0.505296
0.505296
0.505296
0.505296
0.505296
0.505296
0.505296
0.63385
0.63385
0.63385
0.63385
0.63385
0.63385
0.908394
0.908394
0.908394
0.908394
0.908394
0.908394
0.908394
0.908394
0.908394
0.908394
0.908394
0.908394
0.908394
0.908394
0.908394
0.908394
0.908394
0.908394
0.908394
0.908394
0.908394
0.908394
0.908394
0.908394
0.746536
0.746536
0.746536
0.746536
0.746536
0.746536
0.746536
0.746536
0.746536
0.746536
0.746536
0.746536
0.746536
0.746536
0.746536
0.746536
0.746536
0.746536
0.746536
0.746536
0.746536
0.746536
0.746536
0.746536
0.746536
0.746536
0.746536
0.746536
0.746536
0.746536
0.746536
0.746536
0.746536
0.746536
0.746536
0.746536
0.746536
0.746536
0.746536
0.746536
0.746536
0.746536
0.746536
0.746536
0.746536
0.746536
0.746536
0.833508
0.833508
0.833508
0.833508
0.833508
0.833508
0.833508
0.833508
0.833508
0.833508
0.833508
0.833508
0.833508
0.833508
0.833508
0.833508
0.797627
0.797627
0.797627
0.797627
0.797627
0.797627
0.797627
0.797627
0.797627
0.797627
0.797627
0.797627
0.797627
0.797627
0.797627
0.797627
0.797627
0.797627
0.797627
0.797627
0.797627
0.797627
0.797627
0.797627
0.797627
0.616446
0.616446
0.616446
0.616446
0.616446
0.822869
0.822869
0.822869
0.822869
0.822869
0.822869
0.822869
0.822869
0.822869
0.822869
0.822869
0.822869
0.822869
0.822869
0.822869
0.822869
0.822869
0.822869
0.822869
0.822869
0.822869
0.822869
0.822869
0.822869
0.822869
0.822869
0.822869
0.822869
0.822869
0.573346
0.573346
0.573346
0.573346
0.573346
0.573346
0.573346
0.573346
0.573346
0.573346
0.573346
0.573346
0.573346
0.573346
0.573346
0.573346
0.566332
0.566332
0.566332
0.566332
0.566332
0.566332
0.566332
0.566332
0.566332
0.566332
0.735302
0.735302
0.735302
0.735302
0.735302
0.735302
0.735302
0.735302
0.735302
0.735302
0.735302
0.735302
0.735302
0.735302
0.735302
0.735302
0.735302
0.735302
0.735302
0.735302
0.735302
0.735302
0.735302
0.735302
0.735302
0.735302
0.735302
0.735302
0.735302
0.735302
0.735302
0.735302
0.735302
0.735302
0.735302
0.735302
0.735302
0.735302
0.735302
0.735302
0.735302
0.735302
0.735302
0.735302
0.735302
0.735302
0.735302
0.735302
0.735302
0.735302
0.735302
0.735302
0.735302
0.735302
0.735302
0.735302
0.735302
0.735302
0.735302
0.908394
0.908394
0.908394
0.908394
0.908394
0.908394
0.908394
0.908394
0.908394
0.908394
0.908394
0.908394
0.908394
0.908394
0.908394
0.908394
0.908394
0.908394
0.908394
0.908394
0.908394
0.908394
0.908394
0.908394
0.908394
0.908394
0.908394
0.908394
0.784861
0.784861
0.784861
0.784861
0.784861
0.784861
0.784861
0.784861
0.784861
0.784861
0.784861
0.784861
0.784861
0.784861
0.784861
0.784861
0.784861
0.784861
0.784861
0.784861
0.784861
0.784861
0.784861
0.784861
0.784861
0.784861
0.528601
0.528601
0.528601
0.528601
0.528601
0.528601
0.528601
0.61814
0.61814
0.61814
0.61814
0.61814
0.61814
0.607474
0.607474
0.607474
0.871026
0.871026
0.871026
0.871026
0.871026
0.871026
0.871026
0.871026
0.871026
0.871026
0.871026
0.871026
0.871026
0.871026
0.871026
0.6097
0.6097
0.6097
0.6097
0.6097
0.6097
0.6097
0.6097
0.6097
0.6097
0.6097
0.6097
0.6097
0.364478
0.364478
0.364478
0.364478
0.364478
0.364478
0.364478
0.364478
0.364478
0.364478
0.364478
0.364478
0.364478
0.836969
0.836969
0.836969
0.836969
0.836969
0.836969
0.836969
0.836969
0.836969
0.836969
0.836969
0.836969
0.836969
0.836969
0.836969
0.836969
0.889335
0.889335
0.889335
0.889335
0.889335
0.889335
0.889335
0.889335
0.889335
0.694606
0.694606
0.694606
0.694606
0.694606
0.784861
0.784861
0.784861
0.784861
0.784861
0.784861
0.784861
0.746536
0.746536
0.557634
0.557634
0.557634
0.557634
0.557634
0.557634
0.557634
0.557634
0.754315
0.754315
0.754315
0.754315
0.754315
0.754315
0.754315
0.754315
0.908394
0.908394
0.908394
0.908394
0.908394
0.908394
0.908394
0.908394
0.784861
0.784861
0.784861
0.784861
0.784861
0.784861
0.784861
0.784861
0.784861
0.784861
0.784861
0.784861
0.784861
0.784861
0.784861
0.784861
0.784861
0.784861
0.784861
0.784861
0.784861
0.784861
0.784861
0.784861
0.784861
0.784861
0.784861
0.784861
0.784861
0.784861
0.784861
0.784861
0.784861
0.784861
0.784861
0.784861
0.784861
0.784861
0.784861
0.784861
0.784861
0.784861
0.784861
0.784861
0.590666
0.590666
0.590666
0.590666
0.590666
0.590666
0.590666
0.590666
0.590666
0.590666
0.590666
0.590666
0.590666
0.590666
0.590666
0.590666
0.590666
0.590666
0.590666
0.590666
0.590666
0.660986
0.660986
0.660986
0.660986
0.660986
0.660986
0.660986
0.660986
0.660986
0.660986
0.660986
0.660986
0.660986
0.660986
0.660986
0.660986
0.660986
0.660986
0.660986
0.660986
0.822869
0.822869
0.822869
0.822869
0.822869
0.822869
0.822869
0.822869
0.822869
0.73426
0.73426
0.73426
0.73426
0.73426
0.73426
0.73426
0.73426
0.73426
0.73426
0.73426
0.73426
0.73426
0.73426
0.73426
0.73426
0.73426
0.73426
0.73426
0.73426
0.73426
0.73426
0.73426
0.784861
0.784861
0.784861
0.784861
0.784861
0.784861
0.784861
0.784861
0.784861
0.784861
0.784861
0.784861
0.784861
0.784861
0.784861
0.784861
0.784861
0.784861
0.784861
0.784861
0.784861
0.784861
0.784861
0.784861
0.784861
0.784861
0.421677
0.421677
0.421677
0.421677
0.421677
0.421677
0.421677
0.784861
0.784861
0.548024
0.548024
0.548024
0.548024
0.548024
0.548024
0.548024
0.548024
0.548024
0.548024
0.548024
0.548024
0.548024
0.364478
0.364478
0.364478
0.364478
0.364478
0.364478
0.364478
0.364478
0.364478
0.364478
0.364478
0.660986
0.660986
0.660986
0.660986
0.660986
0.660986
0.660986
0.660986
0.660986
0.528606
0.528606
0.528606
0.528606
0.528606
0.528606
0.528606
0.528606
0.528606
0.528606
0.528606
0.528606
0.908394
0.908394
0.908394
0.908394
0.908394
0.908394
0.908394
0.908394
0.908394
0.569706
0.557313
0.557313
0.557313
0.557313
0.557313
0.557313
0.557313
0.512549
0.908394
0.908394
0.908394
0.908394
0.908394
0.908394
0.908394
0.908394
0.908394
0.908394
0.908394
0.908394
0.834799
0.834799
0.834799
0.834799
0.834799
0.834799
0.834799
0.834799
0.834799
0.834799
0.908394
0.908394
0.908394
0.917471
0.917471
0.917471
0.917471
0.917471
0.917471
0.917471
0.917471
0.917471
0.917471
0.917471
0.686106
0.686106
0.686106
0.686106
0.686106
0.686106
0.686106
0.686106
0.686106
0.686106
0.686106
0.686106
0.686106
0.686106
0.686106
0.686106
0.686106
0.686106
0.686106
0.686106
0.686106
0.686106
0.686106
0.686106
0.686106
0.686106
0.686106
0.686106
0.686106
0.686106
0.686106
0.686106
0.686106
0.686106
0.686106
0.686106
0.686106
0.686106
0.686106
0.686106
0.686106
0.686106
0.686106
0.686106
0.686106
0.686106
0.686106
0.686106
0.686106
0.686106
0.686106
0.686106
0.686106
0.686106
0.686106
0.686106
0.686106
0.686106
0.686106
0.686106
0.686106
0.686106
0.686106
0.686106
0.686106
0.686106
0.686106
0.686106
0.686106
0.686106
0.686106
0.827137
0.827137
0.827137
0.827137
0.827137
0.827137
0.827137
0.827137
0.827137
0.827137
0.827137
0.827137
0.827137
0.827137
0.827137
0.827137
0.827137
0.827137
0.827137
0.827137
0.827137
0.827137
0.827137
0.827137
0.827137
0.827137
0.827137
0.827137
0.827137
0.827137
0.827137
0.827137
0.514003
0.514003
0.514003
0.514003
0.514003
0.514003
0.514003
0.514003
0.514003
0.514003
0.514003
0.514003
0.514003
0.514003
0.514003
0.514003
0.514003
0.32324
0.32324
0.32324
0.32324
0.32324
0.32324
0.32324
0.32324
0.32324
0.32324
0.856596
0.856596
0.856596
0.856596
0.856596
0.856596
0.856596
0.856596
0.856596
0.856596
0.856596
0.856596
0.856596
0.856596
0.856596
0.856596
0.856596
0.856596
0.856596
0.856596
0.856596
0.528601
0.528601
0.528601
0.528601
0.908394
0.908394
0.908394
0.908394
0.908394
0.908394
0.908394
0.908394
0.746536
0.746536
0.746536
0.746536
0.746536
0.746536
0.784861
0.784861
0.784861
0.784861
0.784861
0.784861
0.784861
0.784861
0.784861
0.784861
0.784861
0.784861
0.784861
0.784861
0.784861
0.784861
0.784861
0.784861
0.784861
0.784861
0.784861
0.784861
0.784861
0.746536
0.746536
0.746536
0.746536
0.784861
0.784861
0.784861
0.784861
0.754315
0.754315
0.754315
0.754315
0.754315
0.754315
0.754315
0.754315
0.754315
0.754315
0.754315
0.754315
0.754315
0.754315
0.754315
0.754315
0.754315
0.754315
0.754315
0.754315
0.754315
0.754315
0.754315
0.754315
0.754315
0.754315
0.754315
0.754315
0.754315
0.754315
0.754315
0.754315
0.754315
0.754315
0.754315
0.754315
0.754315
0.754315
0.754315
0.754315
0.754315
0.754315
0.754315
0.754315
0.704168
0.704168
0.704168
0.704168
0.704168
0.704168
0.704168
0.704168
0.704168
0.856596
0.856596
0.856596
0.856596
0.856596
0.856596
0.856596
0.856596
0.856596
0.856596
0.856596
0.856596
0.856596
0.856596
0.856596
0.856596
0.856596
0.856596
0.856596
0.598813
0.598813
0.598813
0.598813
0.598813
0.908394
0.908394
0.908394
0.908394
0.908394
0.908394
0.908394
0.908394
0.908394
0.908394
0.908394
0.908394
0.908394
0.908394
0.822869
0.822869
0.822869
0.822869
0.822869
0.822869
0.822869
0.822869
0.822869
0.822869
0.822869
0.822869
0.822869
0.822869
0.822869
0.822869
0.822869
0.822869
0.822869
0.822869
0.822869
0.822869
0.822869
0.822869
0.822869
0.822869
0.822869
0.822869
0.822869
0.822869
0.822869
0.822869
0.822869
0.684024
0.684024
0.684024
0.684024
0.684024
0.684024
0.684024
0.784861
0.784861
0.784861
0.784861
0.784861
0.784861
0.784861
0.784861
0.784861
0.784861
0.784861
0.784861
0.784861
0.784861
0.917471
0.917471
0.917471
0.917471
0.917471
0.917471
0.917471
0.917471
0.917471
0.917471
0.917471
0.917471
0.917471
0.917471
0.917471
0.917471
0.917471
0.917471
0.917471
0.917471
0.917471
0.917471
0.917471
0.797627
0.797627
0.797627
0.797627
0.797627
0.797627
0.797627
0.797627
0.797627
0.797627
0.797627
0.797627
0.797627
0.797627
0.797627
0.797627
0.797627
0.797627
0.797627
0.797627
0.797627
0.797627
0.797627
0.797627
0.797627
0.797627
0.797627
0.797627
0.797627
0.797627
0.797627
0.797627
0.797627
0.797627
0.797627
0.797627
0.797627
0.797627
0.797627
0.797627
0.797627
0.797627
0.797627
0.797627
0.797627
0.797627
0.797627
0.797627
0.797627
0.797627
0.797627
0.797627
0.797627
0.797627
0.797627
0.797627
0.797627
0.797627
0.797627
0.797627
0.797627
0.797627
0.797627
0.797627
0.797627
0.797627
0.797627
0.797627
0.797627
0.797627
0.797627
0.797627
0.797627
0.797627
0.797627
0.797627
0.797627
0.797627
0.797627
0.797627
0.797627
0.797627
0.797627
0.797627
0.797627
0.797627
0.797627
0.797627
0.797627
0.797627
0.797627
0.797627
0.797627
0.797627
0.797627
0.797627
0.797627
0.797627
0.797627
0.421677
0.421677
0.421677
0.421677
0.421677
0.421677
0.421677
0.421677
0.421677
0.421677
0.421677
0.421677
0.421677
0.421677
0.421677
0.421677
0.421677
0.421677
0.421677
0.421677
0.421677
0.421677
0.421677
0.421677
0.421677
0.421677
0.421677
0.421677
0.421677
0.421677
0.421677
0.421677
0.421677
0.421677
0.421677
0.497921
0.497921
0.497921
0.497921
0.497921
0.497921
0.497921
0.497921
0.497921
0.497921
0.497921
0.784861
0.784861
0.784861
0.784861
0.784861
0.784861
0.784861
0.784861
0.784861
0.784861
0.784861
0.908394
0.908394
0.908394
0.908394
0.908394
0.908394
0.908394
0.908394
0.908394
0.908394
0.908394
0.908394
0.908394
0.908394
0.908394
0.908394
0.908394
0.908394
0.908394
0.908394
0.822869
0.822869
0.822869
0.822869
0.822869
0.822869
0.822869
0.822869
0.822869
0.822869
0.822869
0.822869
0.822869
0.784861
0.784861
0.784861
0.784861
0.784861
0.784861
0.784861
0.908394
0.908394
0.622597
0.622597
0.622597
0.622597
0.822869
0.822869
0.822869
0.822869
0.822869
0.822869
0.822869
0.784861
0.784861
0.849255
0.904354
0.904354
0.904354
0.904354
0.904354
0.904354
0.904354
0.904354
0.904354
0.904354
0.904354
0.904354
0.904354
0.904354
0.904354
0.856596
0.856596
0.856596
0.856596
0.856596
0.856596
0.856596
0.856596
0.856596
0.856596
0.856596
0.856596
0.856596
0.856596
0.856596
0.856596
0.856596
0.856596
0.856596
0.746536
0.746536
0.746536
0.746536
0.746536
0.746536
0.746536
0.746536
0.746536
0.746536
0.746536
0.746536
0.746536
0.746536
0.746536
0.746536
0.746536
0.746536
0.746536
0.746536
0.746536
0.746536
0.746536
0.746536
0.746536
0.746536
0.746536
0.746536
0.746536
0.746536
0.746536
0.746536
0.746536
0.746536
0.746536
0.746536
0.746536
0.746536
0.560232
0.560232
0.560232
0.560232
0.560232
0.560232
0.560232
0.560232
0.560232
0.560232
0.560232
0.560232
0.560232
0.560232
0.560232
0.560232
0.560232
0.560232
0.560232
0.560232
0.560232
0.560232
0.560232
0.560232
0.560232
0.560232
0.560232
0.560232
0.560232
0.560232
0.560232
0.560232
0.560232
0.560232
0.560232
0.560232
0.560232
0.560232
0.560232
0.560232
0.560232
0.560232
0.560232
0.560232
0.560232
0.560232
0.560232
0.560232
0.560232
0.560232
0.560232
0.560232
0.560232
0.560232
0.560232
0.560232
0.560232
0.560232
0.560232
0.560232
0.560232
0.560232
0.560232
0.560232
0.560232
0.560232
0.560232
0.560232
0.560232
0.560232
0.560232
0.560232
0.560232
0.560232
0.560232
0.560232
0.560232
0.560232
0.560232
0.560232
0.560232
0.560232
0.560232
0.560232
0.560232
0.560232
0.560232
0.560232
0.560232
0.560232
0.560232
0.560232
0.560232
0.560232
0.560232
0.560232
0.560232
0.821859
0.821859
0.821859
0.821859
0.821859
0.821859
0.821859
0.821859
0.821859
0.821859
0.821859
0.821859
0.821859
0.821859
0.821859
0.821859
0.821859
0.821859
0.821859
0.821859
0.821859
0.821859
0.821859
0.821859
0.821859
0.821859
0.821859
0.821859
0.821859
0.821859
0.821859
0.821859
0.821859
0.821859
0.754315
0.754315
0.754315
0.754315
0.754315
0.754315
0.754315
0.754315
0.754315
0.754315
0.754315
0.754315
0.754315
0.754315
0.754315
0.754315
0.754315
0.754315
0.754315
0.754315
0.754315
0.784861
0.784861
0.784861
0.784861
0.784861
0.784861
0.784861
0.784861
0.784861
0.784861
0.784861
0.784861
0.858148
0.858148
0.858148
0.858148
0.858148
0.858148
0.858148
0.858148
0.858148
0.858148
0.858148
0.858148
0.858148
0.858148
0.858148
0.858148
0.858148
0.858148
0.858148
0.858148
0.858148
0.858148
0.858148
0.858148
0.858148
0.858148
0.858148
0.858148
0.858148
0.858148
0.858148
0.858148
0.858148
0.858148
0.858148
0.858148
0.858148
0.858148
0.858148
0.858148
0.858148
0.858148
0.858148
0.858148
0.858148
0.858148
0.858148
0.875321
0.875321
0.875321
0.875321
0.875321
0.875321
0.875321
0.875321
0.875321
0.875321
0.875321
0.875321
0.875321
0.875321
0.875321
0.875321
0.875321
0.875321
0.875321
0.875321
0.875321
0.875321
0.875321
0.875321
0.875321
0.875321
0.875321
0.833607
0.833607
0.833607
0.833607
0.833607
0.833607
0.833607
0.833607
0.833607
0.833607
0.833607
0.4975
0.4975
0.4975
0.4975
0.4975
0.4975
0.4975
0.4975
0.4975
0.4975
0.4975
0.4975
0.4975
0.4975
0.4975
0.4975
0.4975
0.4975
0.4975
0.4975
0.4975
0.4975
0.4975
0.4975
0.4975
0.4975
0.4975
0.4975
0.4975
0.4975
0.4975
0.4975
0.4975
0.4975
0.4975
0.4975
0.4975
0.4975
0.4975
0.4975
0.4975
0.4975
0.4975
0.4975
0.4975
0.4975
0.4975
0.4975
0.411404
0.411404
0.411404
0.411404
0.411404
0.411404
0.411404
0.411404
0.411404
0.411404
0.411404
0.411404
0.411404
0.411404
0.411404
0.411404
0.411404
0.411404
0.411404
0.411404
0.411404
0.411404
0.411404
0.421677
0.421677
0.421677
0.421677
0.421677
0.421677
0.421677
0.421677
0.421677
0.421677
0.421677
0.421677
0.421677
0.421677
0.421677
0.421677
0.421677
0.421677
0.421677
0.421677
0.421677
0.421677
0.421677
0.421677
0.561246
0.561246
0.754315
0.754315
0.754315
0.754315
0.754315
0.754315
0.754315
0.754315
0.754315
0.754315
0.754315
0.754315
0.754315
0.754315
0.754315
0.754315
0.754315
0.754315
0.754315
0.754315
0.754315
0.754315
0.754315
0.754315
0.754315
0.754315
0.754315
0.754315
0.754315
0.754315
0.754315
0.754315
0.754315
0.754315
0.754315
0.600983
0.600983
0.600983
0.600983
0.600983
0.600983
0.600983
0.600983
0.600983
0.600983
0.41383
0.41383
0.41383
0.41383
0.41383
0.41383
0.41383
0.41383
0.41383
0.41383
0.41383
0.41383
0.41383
0.41383
0.41383
0.41383
0.41383
0.41383
0.41383
0.41383
0.41383
0.41383
0.41383
0.41383
0.728722
0.728722
0.728722
0.728722
0.728722
0.728722
0.35592
0.35592
0.660986
0.660986
0.660986
0.660986
0.660986
0.660986
0.660986
0.660986
0.660986
0.660986
0.660986
0.660986
0.660986
0.660986
0.560232
0.694606
0.694606
0.694606
0.694606
0.694606
0.694606
0.694606
0.694606
0.694606
0.41383
0.41383
0.41383
0.41383
0.41383
0.41383
0.41383
0.41383
0.41383
0.41383
0.41383
0.41383
0.41383
0.41383
0.41383
0.41383
0.41383
0.41383
0.41383
0.675144
0.675144
0.675144
0.675144
0.675144
0.675144
0.675144
0.675144
0.675144
0.675144
0.675144
0.675144
0.675144
0.675144
0.675144
0.675144
0.675144
0.675144
0.675144
0.675144
0.675144
0.675144
0.675144
0.675144
0.675144
0.703149
0.703149
0.703149
0.703149
0.703149
0.703149
0.703149
0.703149
0.703149
0.703149
0.703149
0.703149
0.703149
0.703149
0.703149
0.703149
0.676168
0.676168
0.676168
0.676168
0.676168
0.676168
0.676168
0.908394
0.908394
0.908394
0.908394
0.908394
0.908394
0.908394
0.908394
0.908394
0.908394
0.908394
0.725283
0.725283
0.725283
0.725283
0.725283
0.725283
0.904044
0.904044
0.904044
0.904044
0.904044
0.904044
0.904044
0.904044
0.904044
0.904044
0.904044
0.904044
0.904044
0.856596
0.856596
0.856596
0.856596
0.856596
0.856596
0.856596
0.856596
0.856596
0.856596
0.856596
0.856596
0.856596
0.856596
0.856596
0.856596
0.856596
0.856596
0.856596
0.856596
0.856596
0.856596
0.856596
0.856596
0.856596
0.856596
0.403639
0.403639
0.403639
0.403639
0.403639
0.403639
0.403639
0.403639
0.403639
0.403639
0.403639
0.403639
0.403639
0.403639
0.403639
0.403639
0.403639
0.403639
0.403639
0.403639
0.403639
0.403639
0.403639
0.403639
0.403639
0.403639
0.403639
0.403639
0.403639
0.403639
0.403639
0.746536
0.746536
0.746536
0.746536
0.746536
0.746536
0.746536
0.746536
0.746536
0.746536
0.746536
0.746536
0.746536
0.746536
0.746536
0.784861
0.784861
0.784861
0.784861
0.784861
0.784861
0.784861
0.784861
0.784861
0.784861
0.784861
0.784861
0.784861
0.784861
0.784861
0.784861
0.784861
0.908394
0.908394
0.908394
0.908394
0.908394
0.908394
0.908394
0.908394
0.822869
0.822869
0.822869
0.822869
0.822869
0.822869
0.822869
0.822869
0.822869
0.822869
0.908394
0.908394
0.908394
0.908394
0.908394
0.908394
0.908394
0.908394
0.908394
0.908394
0.908394
0.908394
0.908394
0.908394
0.908394
0.908394
0.908394
0.908394
0.908394
0.908394
0.908394
0.908394
0.908394
0.908394
0.908394
0.908394
0.908394
0.784861
0.784861
0.784861
0.784861
0.784861
0.784861
0.784861
0.784861
0.879366
0.879366
0.879366
0.879366
0.879366
0.879366
0.879366
0.879366
0.879366
0.879366
0.879366
0.879366
0.520341
0.520341
0.520341
0.520341
0.520341
0.520341
0.520341
0.520341
0.520341
0.520341
0.520341
0.520341
0.520341
0.520341
0.520341
0.520341
0.520341
0.520341
0.520341
0.520341
0.520341
0.520341
0.520341
0.520341
0.520341
0.520341
0.520341
0.520341
0.520341
0.520341
0.520341
0.520341
0.520341
0.520341
0.520341
0.520341
0.520341
0.520341
0.520341
0.520341
0.361138
0.361138
0.361138
0.361138
0.361138
0.361138
0.361138
0.361138
0.361138
0.361138
0.361138
0.361138
0.361138
0.361138
0.361138
0.361138
0.361138
0.361138
0.361138
0.361138
0.361138
0.361138
0.361138
0.361138
0.361138
0.361138
0.361138
0.361138
0.361138
0.361138
0.361138
0.361138
0.361138
0.361138
0.361138
0.361138
0.908394
0.908394
0.908394
0.908394
0.908394
0.908394
0.908394
0.908394
0.908394
0.908394
0.908394
0.908394
0.908394
0.908394
0.908394
0.908394
0.908394
0.908394
0.908394
0.908394
0.908394
0.908394
0.908394
0.908394
0.908394
0.908394
0.908394
0.908394
0.908394
0.908394
0.908394
0.908394
0.908394
0.908394
0.908394
0.908394
0.908394
0.908394
0.908394
0.908394
0.908394
0.908394
0.908394
0.908394
0.908394
0.908394
0.908394
0.908394
0.908394
0.908394
0.908394
0.908394
0.908394
0.908394
0.908394
0.908394
0.908394
0.908394
0.908394
0.908394
0.908394
0.908394
0.908394
0.908394
0.908394
0.908394
0.908394
0.861623
0.861623
0.861623
0.861623
0.861623
0.861623
0.861623
0.861623
0.861623
0.861623
0.861623
0.861623
0.861623
0.861623
0.861623
0.861623
0.861623
0.861623
0.861623
0.861623
0.784861
0.784861
0.784861
0.784861
0.784861
0.784861
0.784861
0.784861
0.784861
0.784861
0.784861
0.784861
0.784861
0.784861
0.784861
0.784861
0.784861
0.784861
0.784861
0.784861
0.784861
0.784861
0.784861
0.784861
0.784861
0.784861
0.784861
0.784861
0.784861
0.784861
0.784861
0.784861
0.784861
0.784861
0.784861
0.784861
0.784861
0.784861
0.35592
0.35592
0.35592
0.35592
0.35592
0.35592
0.35592
0.35592
0.35592
0.35592
0.35592
0.35592
0.35592
0.35592
0.35592
0.35592
0.35592
0.35592
0.35592
0.35592
0.35592
0.35592
0.35592
0.35592
0.422046
0.422046
0.422046
0.422046
0.422046
0.422046
0.422046
0.422046
0.422046
0.422046
0.422046
0.422046
0.422046
0.422046
0.422046
0.422046
0.422046
0.422046
0.422046
0.422046
0.422046
0.422046
0.422046
0.422046
0.422046
0.422046
0.422046
0.422046
0.422046
0.422046
0.361138
0.361138
0.361138
0.361138
0.361138
0.361138
0.361138
0.361138
0.361138
0.361138
0.361138
0.361138
0.361138
0.361138
0.361138
0.361138
0.361138
0.590666
0.590666
0.590666
0.590666
0.421677
0.421677
0.421677
0.421677
0.421677
0.421677
0.421677
0.421677
0.421677
0.669267
0.669267
0.669267
0.669267
0.669267
0.669267
0.669267
0.669267
0.669267
0.669267
0.669267
0.669267
0.669267
0.669267
0.669267
0.669267
0.669267
0.669267
0.669267
0.669267
0.669267
0.669267
0.669267
0.548024
0.548024
0.548024
0.548024
0.548024
0.548024
0.548024
0.548024
0.548024
0.548024
0.548024
0.548024
0.548024
0.548024
0.548024
0.548024
0.548024
0.548024
0.548024
0.548024
0.548024
0.548024
0.548024
0.548024
0.548024
0.548024
0.548024
0.908394
0.908394
0.908394
0.908394
0.908394
0.908394
0.908394
0.908394
0.908394
0.908394
0.908394
0.908394
0.908394
0.908394
0.908394
0.908394
0.908394
0.908394
0.908394
0.908394
0.784861
0.784861
0.784861
0.784861
0.784861
0.784861
0.784861
0.784861
0.784861
0.784861
0.784861
0.784861
0.784861
0.784861
0.784861
0.784861
0.784861
0.784861
0.784861
0.784861
0.784861
0.784861
0.784861
0.784861
0.512549
0.512549
0.512549
0.512549
0.560232
0.560232
0.560232
0.560232
0.560232
0.560232
0.560232
0.560232
0.560232
0.560232
0.560232
0.560232
0.560232
0.560232
0.560232
0.560232
0.560232
0.560232
0.879366
0.879366
0.879366
0.879366
0.879366
0.879366
0.879366
0.879366
0.879366
0.879366
0.879366
0.879366
0.879366
0.879366
0.879366
0.879366
0.879366
0.879366
0.879366
0.879366
0.879366
0.879366
0.879366
0.879366
0.879366
0.879366
0.879366
0.695441
0.695441
0.695441
0.695441
0.695441
0.695441
0.695441
0.695441
0.695441
0.695441
0.695441
0.695441
0.695441
0.695441
0.695441
0.695441
0.695441
0.695441
0.695441
0.695441
0.561735
0.561735
0.561735
0.561735
0.561735
0.561735
0.561735
0.561735
0.561735
0.561735
0.561735
0.561735
0.561735
0.561735
0.561735
0.561735
0.561735
0.561735
0.561735
0.561735
0.561735
0.561735
0.561735
0.561735
0.561735
0.561735
0.561735
0.561735
0.561735
0.561735
0.561735
0.561735
0.561735
0.561735
0.561735
0.561735
0.561735
0.561735
0.561735
0.561735
0.561735
0.561735
0.561735
0.561735
0.561735
0.561735
0.561735
0.561735
0.561735
0.561735
0.561735
0.561735
0.561735
0.561735
0.561735
0.561735
0.561735
0.561735
0.561735
0.561735
0.561735
0.561735
0.561735
0.561735
0.561735
0.561735
0.784861
0.784861
0.784861
0.784861
0.784861
0.784861
0.746536
0.746536
0.746536
0.746536
0.746536
0.746536
0.746536
0.746536
0.746536
0.746536
0.746536
0.660986
0.660986
0.660986
0.660986
0.660986
0.660986
0.660986
0.660986
0.660986
0.660986
0.660986
0.660986
0.660986
0.660986
0.422046
0.422046
0.422046
0.573346
0.573346
0.573346
0.573346
0.573346
0.573346
0.573346
0.573346
0.573346
0.421677
0.421677
0.421677
0.421677
0.421677
0.421677
0.421677
0.421677
0.421677
0.421677
0.421677
0.421677
0.421677
0.421677
0.421677
0.421677
0.421677
0.421677
0.421677
0.421677
0.421677
0.421677
0.421677
0.421677
0.421677
0.73426
0.73426
0.73426
0.73426
0.73426
0.73426
0.73426
0.73426
0.73426
0.73426
0.73426
0.73426
0.73426
0.73426
0.73426
0.73426
0.73426
0.73426
0.73426
0.833508
0.746536
0.746536
0.746536
0.746536
0.746536
0.746536
0.746536
0.746536
0.746536
0.908394
0.908394
0.908394
0.908394
0.908394
0.908394
0.908394
0.908394
0.908394
0.908394
0.908394
0.73585
0.73585
0.73585
0.73585
0.73585
0.73585
0.73585
0.73585
0.73585
0.73585
0.73585
0.73585
0.73585
0.73585
0.73585
0.73585
0.73585
0.73585
0.73585
0.73585
0.73585
0.73585
0.73585
0.73585
0.675632
0.675632
0.675632
0.675632
0.675632
0.675632
0.675632
0.675632
0.675632
0.675632
0.675632
0.675632
0.675632
0.675632
0.675632
0.675632
0.675632
0.675632
0.675632
0.675632
0.675632
0.675632
0.675632
0.675632
0.675632
0.675632
0.675632
0.675632
0.675632
0.675632
0.675632
0.675632
0.675632
0.675632
0.675632
0.675632
0.675632
0.675632
0.675632
0.675632
0.675632
0.675632
0.675632
0.675632
0.675632
0.675632
0.675632
0.675632
0.675632
0.675632
0.675632
0.675632
0.675632
0.856596
0.856596
0.856596
0.856596
0.856596
0.856596
0.856596
0.856596
0.856596
0.856596
0.856596
0.422046
0.422046
0.422046
0.422046
0.422046
0.422046
0.422046
0.422046
0.422046
0.422046
0.422046
0.422046
0.422046
0.422046
0.437154
0.437154
0.437154
0.437154
0.437154
0.437154
0.437154
0.437154
0.437154
0.437154
0.437154
0.437154
0.437154
0.437154
0.437154
0.437154
0.437154
0.437154
0.437154
0.437154
0.565556
0.565556
0.565556
0.565556
0.565556
0.754315
0.754315
0.754315
0.754315
0.754315
0.754315
0.754315
0.754315
0.754315
0.754315
0.754315
0.754315
0.754315
0.754315
0.754315
0.754315
0.754315
0.754315
0.754315
0.754315
0.754315
0.754315
0.754315
0.754315
0.754315
0.754315
0.754315
0.754315
0.754315
0.754315
0.754315
0.754315
0.754315
0.754315
0.565369
0.565369
0.565369
0.565369
0.565369
0.565369
0.565369
0.565369
0.565369
0.565369
0.565369
0.565369
0.565369
0.565369
0.565369
0.565369
0.565369
0.565369
0.565369
0.565369
0.565369
0.565369
0.557643
0.557643
0.557643
0.557643
0.557643
0.557643
0.557643
0.557643
0.557643
0.557643
0.557643
0.557643
0.557643
0.557643
0.557643
0.557643
0.557643
0.557643
0.557643
0.557643
0.557643
0.557643
0.557643
0.784861
0.784861
0.784861
0.784861
0.784861
0.784861
0.784861
0.784861
0.784861
0.784861
0.784861
0.784861
0.784861
0.784861
0.784861
0.784861
0.784861
0.784861
0.784861
0.784861
0.784861
0.784861
0.784861
0.784861
0.784861
0.784861
0.784861
0.784861
0.784861
0.784861
0.784861
0.784861
0.784861
0.784861
0.784861
0.784861
0.784861
0.746536
0.746536
0.746536
0.746536
0.746536
0.746536
0.746536
0.746536
0.495081
0.495081
0.495081
0.602467
0.602467
0.602467
0.607474
0.607474
0.607474
0.607474
0.607474
0.607474
0.607474
0.607474
0.607474
0.607474
0.607474
0.607474
0.607474
0.607474
0.607474
0.607474
0.607474
0.607474
0.607474
0.607474
0.607474
0.607474
0.607474
0.607474
0.607474
0.607474
0.607474
0.607474
0.607474
0.607474
0.607474
0.607474
0.607474
0.607474
0.607474
0.607474
0.607474
0.607474
0.607474
0.607474
0.607474
0.607474
0.607474
0.607474
0.607474
0.607474
0.607474
0.607474
0.411404
0.411404
0.411404
0.411404
0.411404
0.411404
0.411404
0.411404
0.411404
0.411404
0.411404
0.411404
0.411404
0.411404
0.411404
0.411404
0.411404
0.411404
0.411404
0.411404
0.411404
0.411404
0.411404
0.411404
0.411404
0.411404
0.411404
0.464941
0.464941
0.464941
0.464941
0.464941
0.464941
0.464941
0.464941
0.464941
0.464941
0.464941
0.464941
0.464941
0.464941
0.464941
0.464941
0.464941
0.464941
0.464941
0.464941
0.464941
0.464941
0.464941
0.464941
0.464941
0.464941
0.464941
0.464941
0.464941
0.464941
0.464941
0.464941
0.464941
0.464941
0.464941
0.464941
0.464941
0.464941
0.464941
0.464941
0.464941
0.464941
0.464941
0.464941
0.464941
0.464941
0.464941
0.464941
0.464941
0.464941
0.464941
0.464941
0.464941
0.464941
0.464941
0.464941
0.464941
0.464941
0.725283
0.725283
0.725283
0.725283
0.725283
0.725283
0.725283
0.725283
0.725283
0.725283
0.784861
0.784861
0.784861
0.784861
0.784861
0.784861
0.784861
0.784861
0.784861
0.879366
0.879366
0.879366
0.879366
0.879366
0.879366
0.879366
0.879366
0.784861
0.784861
0.784861
0.784861
0.784861
0.784861
0.784861
0.784861
0.784861
0.784861
0.784861
0.784861
0.784861
0.784861
0.784861
0.784861
0.784861
0.784861
0.784861
0.784861
0.784861
0.784861
0.784861
0.784861
0.784861
0.784861
0.784861
0.784861
0.784861
0.784861
0.784861
0.784861
0.856596
0.856596
0.856596
0.856596
0.856596
0.856596
0.856596
0.856596
0.856596
0.856596
0.856596
0.856596
0.856596
0.856596
0.856596
0.856596
0.856596
0.856596
0.856596
0.843859
0.843859
0.843859
0.843859
0.843859
0.917471
0.669267
0.669267
0.669267
0.669267
0.669267
0.669267
0.669267
0.669267
0.669267
0.669267
0.669267
0.669267
0.669267
0.669267
0.669267
0.669267
0.669267
0.669267
0.669267
0.669267
0.669267
0.669267
0.669267
0.669267
0.669267
0.669267
0.669267
0.669267
0.669267
0.411582
0.411582
0.411582
0.411582
0.411582
0.411582
0.411582
0.411582
0.411582
0.528636
0.528636
0.528636
0.528636
0.528636
0.528636
0.528636
0.528636
0.528636
0.528636
0.528636
0.528636
0.528636
0.528636
0.528636
0.528636
0.528636
0.528636
0.528636
0.528636
0.528636
0.528636
0.528636
0.528636
0.41383
0.41383
0.41383
0.41383
0.41383
0.41383
0.41383
0.41383
0.41383
0.41383
0.41383
0.41383
0.41383
0.41383
0.41383
0.41383
0.41383
0.41383
0.41383
0.41383
0.421677
0.421677
0.421677
0.421677
0.421677
0.421677
0.421677
0.421677
0.421677
0.421677
0.421677
0.421677
0.421677
0.421677
0.421677
0.421677
0.421677
0.421677
0.421677
0.421677
0.421677
0.421677
0.421677
0.421677
0.421677
0.421677
0.421677
0.32324
0.32324
0.32324
0.32324
0.32324
0.856596
0.856596
0.856596
0.856596
0.856596
0.856596
0.856596
0.856596
0.856596
0.856596
0.856596
0.856596
0.856596
0.856596
0.856596
0.856596
0.856596
0.856596
0.856596
0.856596
0.856596
0.856596
0.856596
0.856596
0.856596
0.856596
0.856596
0.856596
0.856596
0.856596
0.908394
0.908394
0.908394
0.908394
0.503463
0.503463
0.503463
0.503463
0.503463
0.503463
0.503463
0.503463
0.503463
0.503463
0.512549
0.512549
0.512549
0.512549
0.512549
0.32324
0.908394
0.908394
0.784861
0.784861
0.784861
0.784861
0.784861
0.784861
0.784861
0.784861
0.784861
0.784861
0.784861
0.784861
0.784861
0.784861
0.784861
0.784861
0.784861
0.784861
0.784861
0.784861
0.784861
0.784861
0.784861
0.784861
0.784861
0.784861
0.784861
0.784861
0.784861
0.784861
0.784861
0.784861
0.784861
0.784861
0.784861
0.784861
0.784861
0.784861
0.784861
0.784861
0.784861
0.784861
0.784861
0.784861
0.784861
0.892629
0.892629
0.892629
0.892629
0.917471
0.917471
0.917471
0.917471
0.917471
0.917471
0.917471
0.917471
0.917471
0.917471
0.917471
0.917471
0.917471
0.917471
0.917471
0.917471
0.917471
0.917471
0.917471
0.917471
0.917471
0.917471
0.917471
0.917471
0.917471
0.917471
0.917471
0.917471
0.917471
0.917471
0.784861
0.784861
0.784861
0.784861
0.784861
0.784861
0.784861
0.784861
0.784861
0.784861
0.784861
0.784861
0.784861
0.784861
0.784861
0.784861
0.784861
0.784861
0.784861
0.784861
0.784861
0.784861
0.784861
0.784861
0.784861
0.784861
0.784861
0.784861
0.784861
0.505296
0.505296
0.505296
0.505296
0.505296
0.505296
0.505296
0.505296
0.505296
0.505296
0.505296
0.505296
0.505296
0.505296
0.505296
0.505296
0.505296
0.505296
0.505296
0.505296
0.505296
0.505296
0.505296
0.505296
0.505296
0.505296
0.505296
0.505296
0.505296
0.505296
0.505296
0.505296
0.505296
0.505296
0.505296
0.505296
0.505296
0.505296
0.505296
0.505296
0.505296
0.505296
0.505296
0.505296
0.505296
0.505296
0.505296
0.505296
0.505296
0.505296
0.505296
0.505296
0.505296
0.884544
0.884544
0.884544
0.884544
0.884544
0.884544
0.884544
0.884544
0.884544
0.884544
0.884544
0.784861
0.784861
0.784861
0.784861
0.784861
0.784861
0.578139
0.578139
0.578139
0.578139
0.578139
0.578139
0.578139
0.578139
0.578139
0.578139
0.578139
0.578139
0.578139
0.578139
0.607474
0.607474
0.607474
0.607474
0.607474
0.607474
0.607474
0.607474
0.607474
0.607474
0.607474
0.607474
0.607474
0.607474
0.607474
0.917471
0.856596
0.856596
0.856596
0.856596
0.908394
0.908394
0.908394
0.908394
0.784861
0.784861
0.784861
0.784861
0.784861
0.856596
0.856596
0.856596
0.856596
0.856596
0.856596
0.856596
0.856596
0.856596
0.627318
0.627318
0.627318
0.627318
0.627318
0.856596
0.856596
0.856596
0.856596
0.856596
0.856596
0.856596
0.856596
0.856596
0.856596
0.856596
0.856596
0.856596
0.746536
0.746536
0.746536
0.746536
0.746536
0.746536
0.669162
0.669162
0.669162
0.669162
0.669162
0.669162
0.669162
0.669162
0.790964
0.790964
0.790964
0.790964
0.790964
0.790964
0.790964
0.908394
0.908394
0.908394
0.908394
0.814482
0.814482
0.814482
0.814482
0.814482
0.814482
0.821833
0.821833
0.821833
0.821833
0.821833
0.821833
0.821833
0.821833
0.821833
0.821833
0.821833
0.821833
0.821833
0.821833
0.821833
0.821833
0.821833
0.821833
0.821833
0.821833
0.821833
0.821833
0.35165
0.35165
0.35165
0.35165
0.35165
0.35165
0.35165
0.35165
0.35165
0.35165
0.35165
0.35165
0.35165
0.35165
0.35165
0.35165
0.35165
0.35165
0.35165
0.35165
0.35165
0.35165
0.35165
0.35165
0.35165
0.35165
0.35165
0.528601
0.528601
0.528601
0.528601
0.528601
0.528601
0.403639
0.403639
0.403639
0.403639
0.403639
0.403639
0.673304
0.673304
0.673304
0.673304
0.673304
0.673304
0.673304
0.673304
0.673304
0.673304
0.673304
0.673304
0.908394
0.908394
0.908394
0.908394
0.908394
0.908394
0.908394
0.746536
0.746536
0.746536
0.746536
0.746536
0.746536
0.746536
0.746536
0.746536
0.746536
0.746536
0.746536
0.746536
0.746536
0.746536
0.746536
0.746536
0.746536
0.746536
0.746536
0.746536
0.746536
0.746536
0.746536
0.746536
0.746536
0.746536
0.746536
0.746536
0.746536
0.746536
0.746536
0.746536
0.746536
0.746536
0.746536
0.746536
0.746536
0.746536
0.746536
0.746536
0.746536
0.746536
0.746536
0.746536
0.746536
0.746536
0.746536
0.746536
0.746536
0.908394
0.908394
0.908394
0.908394
0.908394
0.609496
0.609496
0.609496
0.746536
0.746536
0.746536
0.746536
0.746536
0.746536
0.746536
0.746536
0.746536
0.746536
0.746536
0.746536
0.746536
0.746536
0.746536
0.746536
0.746536
0.746536
0.746536
0.746536
0.746536
0.746536
0.746536
0.746536
0.784861
0.784861
0.607474
0.607474
0.607474
0.607474
0.607474
0.607474
0.607474
0.607474
0.607474
0.607474
0.607474
0.607474
0.607474
0.607474
0.607474
0.607474
0.607474
0.607474
0.607474
0.607474
0.607474
0.607474
0.607474
0.607474
0.607474
0.607474
0.607474
0.607474
0.607474
0.607474
0.607474
0.607474
0.607474
0.607474
0.607474
0.607474
0.607474
0.607474
0.607474
0.607474
0.520341
0.520341
0.520341
0.520341
0.520341
0.520341
0.520341
0.520341
0.520341
0.520341
0.520341
0.520341
0.520341
0.520341
0.520341
0.520341
0.520341
0.520341
0.520341
0.520341
0.520341
0.520341
0.520341
0.520341
0.361138
0.361138
0.361138
0.361138
0.746536
0.746536
0.746536
0.746536
0.746536
0.746536
0.746536
0.746536
0.746536
0.746536
0.746536
0.746536
0.746536
0.746536
0.746536
0.917471
0.917471
0.917471
0.605755
0.605755
0.605755
0.605755
0.605755
0.605755
0.605755
0.605755
0.605755
0.605755
0.605755
0.856596
0.856596
0.856596
0.856596
0.856596
0.856596
0.856596
0.856596
0.856596
0.856596
0.856596
0.856596
0.856596
0.856596
0.856596
0.561246
0.561246
0.561246
0.561246
0.561246
0.561246
0.561246
0.561246
0.561246
0.561246
0.561246
0.561246
0.561246
0.856596
0.856596
0.856596
0.856596
0.908394
0.908394
0.908394
0.908394
0.908394
0.908394
0.908394
0.908394
0.908394
0.908394
0.908394
0.908394
0.908394
0.908394
0.908394
0.908394
0.908394
0.908394
0.382741
0.382741
0.382741
0.382741
0.382741
0.382741
0.382741
0.382741
0.382741
0.382741
0.660986
0.660986
0.660986
0.660986
0.660986
0.660986
0.660986
0.660986
0.660986
0.561246
0.561246
0.678757
0.678757
0.678757
0.678757
0.678757
0.678757
0.678757
0.678757
0.678757
0.678757
0.784861
0.784861
0.784861
0.784861
0.784861
0.784861
0.784861
0.784861
0.784861
0.784861
0.784861
0.784861
0.784861
0.784861
0.784861
0.784861
0.784861
0.784861
0.784861
0.784861
0.784861
0.784861
0.784861
0.784861
0.784861
0.784861
0.784861
0.784861
0.784861
0.784861
0.607474
0.607474
0.607474
0.607474
0.607474
0.607474
0.607474
0.607474
0.607474
0.784861
0.784861
0.784861
0.784861
0.784861
0.784861
0.784861
0.784861
0.784861
0.784861
0.784861
0.784861
0.784861
0.784861
0.784861
0.784861
0.784861
0.784861
0.784861
0.784861
0.784861
0.784861
0.784861
0.784861
0.784861
0.784861
0.784861
0.784861
0.784861
0.784861
0.784861
0.784861
0.784861
0.908394
0.908394
0.908394
0.908394
0.908394
0.908394
0.908394
0.908394
0.908394
0.908394
0.908394
0.908394
0.908394
0.908394
0.908394
0.421677
0.421677
0.421677
0.421677
0.421677
0.421677
0.421677
0.421677
0.421677
0.421677
0.421677
0.421677
0.421677
0.421677
0.421677
0.421677
0.421677
0.421677
0.421677
0.421677
0.684024
0.684024
0.684024
0.684024
0.684024
0.684024
0.684024
0.684024
0.684024
0.684024
0.32324
0.421677
0.421677
0.421677
0.421677
0.421677
0.421677
0.421677
0.421677
0.421677
0.421677
0.421677
0.421677
0.421677
0.421677
0.421677
0.560232
0.560232
0.560232
0.560232
0.560232
0.560232
0.917471
0.917471
0.917471
0.917471
0.917471
0.917471
0.917471
0.917471
0.422046
0.422046
0.422046
0.422046
0.422046
0.422046
0.422046
0.422046
0.422046
0.422046
0.422046
0.422046
0.422046
0.422046
0.422046
0.422046
0.422046
0.422046
0.422046
0.422046
0.422046
0.422046
0.422046
0.422046
0.422046
0.422046
0.422046
0.422046
0.422046
0.422046
0.422046
0.422046
0.422046
0.422046
0.422046
0.422046
0.422046
0.422046
0.403269
0.403269
0.403269
0.403269
0.403269
0.403269
0.403269
0.403269
0.403269
0.403269
0.403269
0.403269
0.403269
0.403269
0.403269
0.403269
0.403269
0.403269
0.403269
0.403269
0.403269
0.364478
0.364478
0.364478
0.364478
0.364478
0.364478
0.364478
0.364478
0.908394
0.908394
0.908394
0.35165
0.35165
0.35165
0.35165
0.35165
0.35165
0.35165
0.917471
0.917471
0.917471
0.917471
0.917471
0.917471
0.660986
0.660986
0.660986
0.660986
0.660986
0.660986
0.660986
0.660986
0.660986
0.660986
0.660986
0.660986
0.660986
0.822869
0.822869
0.822869
0.822869
0.822869
0.822869
0.822869
0.822869
0.41383
0.41383
0.41383
0.41383
0.41383
0.41383
0.41383
0.411404
0.411404
0.411404
0.411404
0.411404
0.411404
0.411404
0.411404
0.411404
0.908394
0.908394
0.908394
0.908394
0.908394
0.908394
0.908394
0.908394
0.908394
0.908394
0.908394
0.908394
0.908394
0.908394
0.908394
0.908394
0.908394
0.908394
0.908394
0.908394
0.908394
0.908394
0.908394
0.908394
0.908394
0.908394
0.908394
0.917471
0.917471
0.917471
0.917471
0.917471
0.917471
0.917471
0.814482
0.814482
0.814482
0.814482
0.814482
0.814482
0.814482
0.814482
0.814482
0.814482
0.814482
0.814482
0.814482
0.814482
0.814482
0.784861
0.784861
0.784861
0.784861
0.784861
0.784861
0.784861
0.784861
0.784861
0.784861
0.784861
0.784861
0.784861
0.784861
0.784861
0.784861
0.784861
0.784861
0.784861
0.784861
0.784861
0.784861
0.784861
0.784861
0.784861
0.784861
0.784861
0.784861
0.784861
0.784861
0.784861
0.784861
0.784861
0.889335
0.590666
0.590666
0.590666
0.590666
0.590666
0.590666
0.590666
0.590666
0.590666
0.590666
0.590666
0.590666
0.754315
0.754315
0.754315
0.754315
0.754315
0.754315
0.754315
0.754315
0.754315
0.754315
0.754315
0.754315
0.386349
0.386349
0.386349
0.386349
0.386349
0.386349
0.386349
0.386349
0.386349
0.695478
0.695478
0.695478
0.695478
0.695478
0.695478
0.695478
0.695478
0.695478
0.421677
0.421677
0.421677
0.421677
0.421677
0.421677
0.548024
0.548024
0.784861
0.784861
0.514003
0.514003
0.514003
0.514003
0.514003
0.514003
0.514003
0.514003
0.514003
0.514003
0.514003
0.514003
0.514003
0.514003
0.514003
0.514003
0.514003
0.514003
0.659344
0.659344
0.659344
0.659344
0.659344
0.659344
0.659344
0.659344
0.659344
0.659344
0.659344
0.659344
0.659344
0.659344
0.659344
0.659344
0.659344
0.659344
0.659344
0.659344
0.659344
0.659344
0.486554
0.486554
0.486554
0.784861
0.784861
0.784861
0.784861
0.784861
0.784861
0.784861
0.784861
0.607474
0.607474
0.607474
0.464941
0.464941
0.464941
0.464941
0.464941
0.464941
0.464941
0.464941
0.464941
0.464941
0.464941
0.464941
0.464941
0.464941
0.464941
0.464941
0.464941
0.464941
0.464941
0.464941
0.464941
0.464941
0.464941
0.464941
0.464941
0.464941
0.464941
0.464941
0.784861
0.784861
0.784861
0.784861
0.784861
0.784861
0.784861
0.784861
0.784861
0.784861
0.784861
0.784861
0.784861
0.784861
0.784861
0.784861
0.784861
0.784861
0.784861
0.784861
0.784861
0.784861
0.856596
0.856596
0.856596
0.856596
0.856596
0.856596
0.856596
0.856596
0.856596
0.856596
0.856596
0.856596
0.856596
0.856596
0.856596
0.856596
0.856596
0.856596
0.856596
0.856596
0.856596
0.856596
0.856596
0.856596
0.856596
0.856596
0.856596
0.856596
0.856596
0.856596
0.856596
0.712659
0.712659
0.712659
0.712659
0.712659
0.712659
0.712659
0.712659
0.684024
0.684024
0.684024
0.684024
0.684024
0.684024
0.684024
0.684024
0.684024
0.684024
0.684024
0.684024
0.684024
0.684024
0.684024
0.684024
0.684024
0.684024
0.684024
0.684024
0.784861
0.784861
0.784861
0.784861
0.784861
0.822435
0.822435
0.822435
0.822435
0.822435
0.822435
0.822435
0.822435
0.822435
0.822435
0.822435
0.822435
0.822435
0.822435
0.822435
0.746536
0.746536
0.746536
0.746536
0.746536
0.746536
0.746536
0.746536
0.746536
0.746536
0.746536
0.746536
0.746536
0.746536
0.746536
0.746536
0.908394
0.908394
0.908394
0.908394
0.908394
0.421677
0.421677
0.421677
0.421677
0.421677
0.421677
0.421677
0.422046
0.422046
0.422046
0.422046
0.422046
0.422046
0.784861
0.784861
0.784861
0.784861
0.784861
0.784861
0.784861
0.784861
0.784861
0.784861
0.784861
0.784861
0.784861
0.784861
0.784861
0.784861
0.784861
0.784861
0.784861
0.784861
0.784861
0.908394
0.589429
0.589429
0.68219
0.68219
0.68219
0.68219
0.68219
0.68219
0.68219
0.68219
0.68219
0.68219
0.746536
0.746536
0.746536
0.746536
0.746536
0.746536
0.746536
0.746536
0.746536
0.746536
0.746536
0.746536
0.746536
0.746536
0.746536
0.746536
0.746536
0.746536
0.746536
0.746536
0.566332
0.566332
0.566332
0.566332
0.566332
0.566332
0.566332
0.566332
0.720573
0.720573
0.720573
0.720573
0.746536
0.746536
0.746536
0.746536
0.746536
0.746536
0.746536
0.746536
0.421677
0.421677
0.421677
0.421677
0.421677
0.421677
0.421677
0.421677
0.422046
0.422046
0.422046
0.422046
0.422046
0.422046
0.32324
0.32324
0.32324
0.32324
0.32324
0.32324
0.32324
0.908394
0.908394
0.908394
0.908394
0.908394
0.784861
0.784861
0.784861
0.784861
0.784861
0.784861
0.784861
0.784861
0.784861
0.784861
0.784861
0.856596
0.856596
0.856596
0.856596
0.856596
0.856596
0.856596
0.856596
0.856596
0.856596
0.856596
0.856596
0.856596
0.856596
0.856596
0.754315
0.754315
0.754315
0.754315
0.754315
0.754315
0.754315
0.754315
0.754315
0.754315
0.754315
0.754315
0.754315
0.754315
0.754315
0.754315
0.421677
0.421677
0.421677
0.421677
0.421677
0.421677
0.421677
0.421677
0.421677
0.421677
0.421677
0.421677
0.421677
0.421677
0.421677
0.784861
0.784861
0.784861
0.784861
0.784861
0.784861
0.784861
0.784861
0.784861
0.548024
0.822435
0.822435
0.822435
0.822435
0.822435
0.782342
0.782342
0.782342
0.782342
0.782342
0.917471
0.917471
0.917471
0.917471
0.917471
0.537467
0.537467
0.537467
0.537467
0.537467
0.537467
0.537467
0.537467
0.537467
0.537467
0.537467
0.537467
0.537467
0.537467
0.537467
0.537467
0.537467
0.537467
0.537467
0.537467
0.537467
0.537467
0.537467
0.537467
0.537467
0.537467
0.683774
0.683774
0.683774
0.683774
0.683774
0.683774
0.683774
0.683774
0.683774
0.683774
0.683774
0.683774
0.421677
0.421677
0.421677
0.421677
0.421677
0.421677
0.421677
0.421677
0.421677
0.548024
0.548024
0.548024
0.548024
0.548024
0.548024
0.548024
0.548024
0.548024
0.548024
0.784861
0.856596
0.856596
0.856596
0.856596
0.856596
0.856596
0.856596
0.856596
0.784861
0.784861
0.746536
0.746536
0.746536
0.746536
0.746536
0.746536
0.804917
0.804917
0.804917
0.804917
0.804917
0.804917
0.804917
0.804917
0.804917
0.804917
0.804917
0.804917
0.804917
0.361138
0.361138
0.361138
0.361138
0.361138
0.361138
0.361138
0.361138
0.361138
0.361138
0.361138
0.908394
0.908394
0.908394
0.908394
0.908394
0.908394
0.908394
0.908394
0.908394
0.908394
0.908394
0.573346
0.573346
0.573346
0.573346
0.573346
0.784861
0.784861
0.784861
0.784861
0.784861
0.784861
0.784861
0.784861
0.784861
0.784861
0.754315
0.754315
0.784861
0.784861
0.784861
0.784861
0.784861
0.784861
0.784861
0.784861
0.784861
0.784861
0.784861
0.350712
0.350712
0.350712
0.350712
0.350712
0.350712
0.350712
0.350712
0.350712
0.350712
0.350712
0.350712
0.350712
0.350712
0.350712
0.350712
0.350712
0.350712
0.350712
0.350712
0.350712
0.350712
0.856596
0.856596
0.856596
0.856596
0.856596
0.856596
0.856596
0.856596
0.856596
0.856596
0.856596
0.856596
0.856596
0.856596
0.856596
0.856596
0.856596
0.908394
0.908394
0.908394
0.908394
0.908394
0.908394
0.908394
0.908394
0.908394
0.908394
0.908394
0.908394
0.908394
0.908394
0.908394
0.908394
0.908394
0.908394
0.908394
0.908394
0.908394
0.908394
0.746536
0.746536
0.746536
0.746536
0.746536
0.746536
0.746536
0.746536
0.746536
0.746536
0.746536
0.746536
0.746536
0.746536
0.746536
0.746536
0.746536
0.746536
0.746536
0.746536
0.746536
0.746536
0.746536
0.746536
0.746536
0.746536
0.695125
0.695125
0.695125
0.695125
0.695125
0.695125
0.695125
0.695125
0.695125
0.695125
0.695125
0.695125
0.695125
0.695125
0.764276
0.764276
0.764276
0.764276
0.764276
0.764276
0.764276
0.764276
0.764276
0.764276
0.764276
0.764276
0.764276
0.764276
0.764276
0.754315
0.754315
0.754315
0.754315
0.364478
0.364478
0.364478
0.364478
0.364478
0.364478
0.364478
0.364478
0.364478
0.364478
0.364478
0.364478
0.364478
0.364478
0.879366
0.879366
0.908394
0.908394
0.908394
0.908394
0.908394
0.908394
0.908394
0.908394
0.908394
0.908394
0.908394
0.908394
0.908394
0.908394
0.908394
0.908394
0.908394
0.908394
0.908394
0.908394
0.908394
0.908394
0.908394
0.908394
0.512549
0.512549
0.512549
0.784861
0.784861
0.784861
0.784861
0.784861
0.784861
0.784861
0.784861
0.784861
0.784861
0.784861
0.879366
0.879366
0.803046
0.803046
0.803046
0.803046
0.803046
0.803046
0.803046
0.803046
0.803046
0.803046
0.803046
0.803046
0.917471
0.917471
0.917471
0.917471
0.917471
0.917471
0.917471
0.917471
0.917471
0.917471
0.917471
0.917471
0.917471
0.917471
0.917471
0.908394
0.908394
0.908394
0.908394
0.908394
0.908394
0.908394
0.908394
0.908394
0.908394
0.908394
0.908394
0.908394
0.908394
0.908394
0.908394
0.784861
0.784861
0.784861
0.784861
0.784861
0.784861
0.784861
0.784861
0.784861
0.784861
0.784861
0.660986
0.660986
0.660986
0.660986
0.660986
0.660986
0.660986
0.660986
0.660986
0.660986
0.908394
0.908394
0.908394
0.908394
0.908394
0.908394
0.908394
0.908394
0.908394
0.908394
0.908394
0.609496
0.609496
0.609496
0.609496
0.609496
0.609496
0.609496
0.609496
0.609496
0.609496
0.609496
0.609496
0.609496
0.609496
0.609496
0.609496
0.609496
0.609496
0.609496
0.609496
0.609496
0.609496
0.609496
0.609496
0.609496
0.609496
0.609496
0.609496
0.908394
0.908394
0.908394
0.908394
0.908394
0.908394
0.784861
0.889335
0.889335
0.889335
0.879366
0.843175
0.849255
0.849255
0.849255
0.725283
0.737569
0.737569
0.737569
0.737569
0.737569
0.737569
0.737569
0.737569
0.737569
0.737569
0.737569
0.737569
0.737569
0.737569
0.737569
0.737569
0.737569
0.684024
0.684024
0.602467
0.602467
0.784861
0.784861
0.784861
0.784861
0.784861
0.784861
0.784861
0.784861
0.746536
0.746536
0.746536
0.746536
0.746536
0.746536
0.746536
0.746536
0.746536
0.917471
0.917471
0.917471
0.917471
0.746536
0.746536
0.746536
0.746536
0.746536
0.784861
0.784861
0.784861
0.784861
0.784861
0.784861
0.784861
0.784861
0.784861
0.784861
0.784861
0.784861
0.784861
0.784861
0.784861
0.784861
0.784861
0.784861
0.784861
0.784861
0.784861
0.784861
0.784861
0.784861
0.809026
0.809026
0.660986
0.660986
0.660986
0.660986
0.660986
0.660986
0.660986
0.660986
0.660986
0.746536
0.746536
0.746536
0.746536
0.746536
0.746536
0.746536
0.571405
0.571405
0.571405
0.571405
0.571405
0.571405
0.571405
0.571405
0.571405
0.571405
0.571405
0.571405
0.571405
0.571405
0.571405
0.571405
0.571405
0.571405
0.571405
0.571405
0.571405
0.571405
0.571405
0.571405
0.784861
0.784861
0.784861
0.784861
0.784861
0.784861
0.822869
0.822869
0.822869
0.822869
0.822869
0.822869
0.822869
0.822869
0.822869
0.822869
0.822869
0.822869
0.822869
0.822869
0.549262
0.549262
0.549262
0.549262
0.549262
0.549262
0.549262
0.549262
0.549262
0.32324
0.32324
0.32324
0.856596
0.856596
0.856596
0.856596
0.856596
0.856596
0.908394
0.908394
0.908394
0.908394
0.908394
0.908394
0.908394
0.908394
0.746536
0.746536
0.746536
0.746536
0.746536
0.746536
0.746536
0.746536
0.746536
0.746536
0.746536
0.746536
0.746536
0.746536
0.746536
0.746536
0.746536
0.746536
0.746536
0.784861
0.784861
0.784861
0.784861
0.784861
0.784861
0.784861
0.616446
0.616446
0.616446
0.616446
0.616446
0.616446
0.616446
0.616446
0.616446
0.616446
0.616446
0.616446
0.616446
0.421677
0.421677
0.669267
0.669267
0.669267
0.669267
0.669267
0.669267
0.669267
0.669267
0.669267
0.669267
0.669267
0.669267
0.669267
0.669267
0.669267
0.669267
0.560232
0.560232
0.421677
0.421677
0.421677
0.908394
0.908394
0.908394
0.782342
0.782342
0.782342
0.411404
0.411404
0.908394
0.908394
0.754315
0.754315
0.754315
0.908394
0.889335
0.889335
0.889335
0.889335
0.889335
0.889335
0.889335
0.889335
0.695125
0.695125
0.695125
0.695125
0.695125
0.695125
0.695125
0.695125
0.695125
0.695125
0.695125
0.695125
0.695125
0.695125
0.695125
0.584346
0.584346
0.584346
0.584346
0.584346
0.584346
0.67691
0.67691
0.67691
0.67691
0.67691
0.67691
0.67691
0.67691
0.67691
0.67691
0.67691
0.67691
0.67691
0.67691
0.67691
0.67691
0.67691
0.67691
0.67691
0.67691
0.67691
0.908394
0.908394
0.908394
0.908394
0.908394
0.908394
0.908394
0.908394
0.660986
0.660986
0.660986
0.660986
0.660986
0.660986
0.660986
0.660986
0.660986
0.660986
0.616446
0.616446
0.616446
0.616446
0.616446
0.616446
0.904044
0.904044
0.904044
0.904044
0.904044
0.849255
0.849255
0.822435
0.822435
0.822435
0.822435
0.822435
0.822435
0.822435
0.822435
0.822435
0.822435
0.822435
0.822435
0.822435
0.822435
0.822435
0.822435
0.822435
0.822435
0.822435
0.822435
0.822435
0.822435
0.822435
0.822435
0.822435
0.822435
0.822435
0.822435
0.848569
0.848569
0.848569
0.848569
0.848569
0.848569
0.848569
0.848569
0.848569
0.848569
0.568067
0.568067
0.421677
0.421677
0.421677
0.421677
0.421677
0.421677
0.421677
0.421677
0.421677
0.746536
0.746536
0.746536
0.784861
0.746536
0.746536
0.746536
0.746536
0.746536
0.746536
0.746536
0.746536
0.746536
0.746536
0.746536
0.561405
0.561405
0.561405
0.561405
0.361138
0.908394
0.908394
0.908394
0.908394
0.561246
0.561246
0.561246
0.561246
0.561246
0.561246
0.561246
0.561246
0.561246
0.561246
0.561246
0.561246
0.561246
0.561246
0.561246
0.725283
0.725283
0.725283
0.694606
0.694606
0.694606
0.694606
0.694606
0.694606
0.694606
0.694606
0.354415
0.354415
0.354415
0.354415
0.354415
0.354415
0.354415
0.856596
0.856596
0.856596
0.856596
0.856596
0.856596
0.856596
0.590666
0.590666
0.590666
0.590666
0.590666
0.590666
0.590666
0.590666
0.590666
0.590666
0.401205
0.401205
0.401205
0.401205
0.401205
0.401205
0.401205
0.401205
0.401205
0.401205
0.401205
0.401205
0.401205
0.401205
0.401205
0.401205
0.401205
0.401205
0.401205
0.401205
0.401205
0.401205
0.401205
0.401205
0.401205
0.401205
0.401205
0.401205
0.401205
0.401205
0.464941
0.464941
0.464941
0.464941
0.464941
0.464941
0.464941
0.908394
0.908394
0.908394
0.908394
0.908394
0.908394
0.908394
0.908394
0.908394
0.908394
0.908394
0.908394
0.908394
0.908394
0.684024
0.684024
0.684024
0.684024
0.684024
0.684024
0.684024
0.684024
0.684024
0.684024
0.684024
0.684024
0.684024
0.684024
0.684024
0.684024
0.917471
0.784861
0.784861
0.784861
0.784861
0.784861
0.784861
0.782342
0.782342
0.782342
0.782342
0.782342
0.782342
0.782342
0.782342
0.773114
0.773114
0.773114
0.773114
0.773114
0.773114
0.773114
0.822869
0.822869
0.822869
0.822869
0.822869
0.822869
0.822869
0.822869
0.822869
0.822869
0.822869
0.822869
0.908394
0.908394
0.405271
0.405271
0.405271
0.784861
0.784861
0.784861
0.784861
0.784861
0.616446
0.616446
0.616446
0.616446
0.669267
0.669267
0.669267
0.669267
0.669267
0.669267
0.669267
0.669267
0.669267
0.669267
0.669267
0.908394
0.908394
0.908394
0.616446
0.32324
0.784861
0.784861
0.784861
0.784861
0.784861
0.784861
0.784861
0.784861
0.784861
0.616446
0.616446
0.616446
0.616446
0.616446
0.616446
0.784861
0.814482
0.814482
0.814482
0.814482
0.814482
0.814482
0.784861
0.784861
0.784861
0.784861
0.784861
0.784861
0.784861
0.784861
0.784861
0.784861
0.784861
0.784861
0.784861
0.784861
0.784861
0.784861
0.668573
0.668573
0.668573
0.668573
0.668573
0.668573
0.668573
0.512549
0.512549
0.512549
0.512549
0.512549
0.512549
0.512549
0.512549
0.512549
0.512549
0.746536
0.746536
0.746536
0.746536
0.746536
0.746536
0.746536
0.746536
0.746536
0.746536
0.746536
0.746536
0.746536
0.668971
0.668971
0.668971
0.668971
0.668971
0.908394
0.908394
0.908394
0.908394
0.908394
0.908394
0.908394
0.908394
0.908394
0.908394
0.908394
0.908394
0.908394
0.908394
0.908394
0.908394
0.908394
0.784861
0.784861
0.784861
0.784861
0.784861
0.784861
0.784861
0.584346
0.584346
0.584346
0.584346
0.584346
0.584346
0.584346
0.584346
0.784861
0.784861
0.908394
0.908394
0.908394
0.908394
0.754315
0.754315
0.754315
0.754315
0.754315
0.754315
0.754315
0.754315
0.754315
0.512549
0.512549
0.512549
0.512549
0.512549
0.512549
0.512549
0.512549
0.512549
0.512549
0.821833
0.616446
0.616446
0.616446
0.616446
0.616446
0.616446
0.616446
0.616446
0.616446
0.784861
0.784861
0.73426
0.73426
0.73426
0.73426
0.917471
0.602467
0.602467
0.789803
0.789803
0.789803
0.789803
0.789803
0.789803
0.789803
0.789803
0.789803
0.789803
0.789803
0.746536
0.746536
0.746536
0.746536
0.746536
0.746536
0.746536
0.856596
0.856596
0.856596
0.856596
0.856596
0.856596
0.856596
0.856596
0.856596
0.856596
0.856596
0.856596
0.856596
0.856596
0.856596
0.856596
0.856596
0.856596
0.856596
0.856596
0.856596
0.856596
0.856596
0.856596
0.856596
0.856596
0.856596
0.784861
0.784861
0.784861
0.784861
0.784861
0.784861
0.784861
0.784861
0.784861
0.784861
0.784861
0.784861
0.784861
0.784861
0.784861
0.784861
0.784861
0.784861
0.784861
0.784861
0.784861
0.784861
0.784861
0.784861
0.784861
0.598813
0.598813
0.598813
0.598813
0.598813
0.598813
0.598813
0.598813
0.856596
0.856596
0.856596
0.856596
0.856596
0.856596
0.746536
0.784861
0.784861
0.784861
0.784861
0.784861
0.784861
0.784861
0.784861
0.631899
0.631899
0.631899
0.631899
0.631899
0.631899
0.631899
0.631899
0.631899
0.631899
0.631899
0.631899
0.631899
0.856596
0.856596
0.856596
0.856596
0.856596
0.725283
0.879366
0.879366
0.879366
0.879366
0.879366
0.879366
0.879366
0.879366
0.879366
0.879366
0.879366
0.879366
0.879366
0.879366
0.879366
0.879366
0.879366
0.879366
0.879366
0.879366
0.879366
0.879366
0.602467
0.609496
0.609496
0.746536
0.746536
0.746536
0.746536
0.746536
0.746536
0.746536
0.784861
0.784861
0.784861
0.784861
0.784861
0.784861
0.784861
0.784861
0.567501
0.567501
0.567501
0.567501
0.661995
0.661995
0.661995
0.661995
0.694606
0.694606
0.694606
0.694606
0.694606
0.694606
0.889335
0.889335
0.520341
0.784861
0.784861
0.784861
0.784861
0.784861
0.784861
0.784861
0.784861
0.784861
0.822869
0.822869
0.822869
0.822869
0.822869
0.822869
0.822869
0.822869
0.822869
0.822869
0.784861
0.514003
0.514003
0.684024
0.684024
0.684024
0.684024
0.684024
0.684024
0.684024
0.684024
0.684024
0.684024
0.684024
0.684024
0.684024
0.684024
0.684024
0.684024
0.684024
0.684024
0.684024
0.684024
0.684024
0.684024
0.684024
0.684024
0.684024
0.684024
0.684024
0.856596
0.856596
0.856596
0.856596
0.856596
0.856596
0.856596
0.856596
0.669267
0.669267
0.669267
0.669267
0.669267
0.669267
0.669267
0.669267
0.669267
0.669267
0.669267
0.669267
0.669267
0.669267
0.669267
0.669267
0.669267
0.669267
0.669267
0.669267
0.669267
0.669267
0.669267
0.669267
0.669267
0.464941
0.464941
0.464941
0.464941
0.464941
0.464941
0.512549
0.512549
0.512549
0.512549
0.512549
0.512549
0.512549
0.422046
0.422046
0.422046
0.422046
0.422046
0.422046
0.422046
0.422046
0.422046
0.422046
0.40227
0.754315
0.754315
0.754315
0.754315
0.754315
0.754315
0.754315
0.754315
0.754315
0.769823
0.769823
0.769823
0.769823
0.908394
0.908394
0.908394
0.908394
0.908394
0.908394
0.908394
0.908394
0.908394
0.908394
0.908394
0.908394
0.908394
0.908394
0.908394
0.908394
0.908394
0.784861
0.784861
0.784861
0.784861
0.784861
0.784861
0.784861
0.784861
0.784861
0.784861
0.784861
0.784861
0.784861
0.784861
0.784861
0.784861
0.746536
0.746536
0.746536
0.746536
0.784861
0.602467
0.602467
0.602467
0.602467
0.602467
0.602467
0.602467
0.602467
0.602467
0.602467
0.879366
0.879366
0.879366
0.879366
0.856596
0.683774
0.683774
0.683774
0.683774
0.683774
0.683774
0.683774
0.683774
0.683774
0.84175
0.84175
0.84175
0.84175
0.84175
0.84175
0.84175
0.84175
0.84175
0.84175
0.84175
0.84175
0.844434
0.844434
0.844434
0.844434
0.844434
0.844434
0.844434
0.844434
0.844434
0.844434
0.889335
0.889335
0.889335
0.889335
0.889335
0.889335
0.784861
0.784861
0.784861
0.784861
0.784861
0.908394
0.908394
0.908394
0.908394
0.908394
0.908394
0.512549
0.512549
0.512549
0.512549
0.512549
0.512549
0.512549
0.421677
0.421677
0.421677
0.495081
0.495081
0.495081
0.495081
0.556571
0.784861
0.784861
0.784861
0.784861
0.784861
0.784861
0.784861
0.784861
0.908394
0.908394
0.908394
0.675337
0.675337
0.675337
0.675337
0.675337
0.695478
0.695478
0.849255
0.849255
0.908394
0.908394
0.856596
0.856596
0.856596
0.856596
0.856596
0.856596
0.602467
0.602467
0.784861
0.784861
0.784861
0.784861
0.784861
0.784861
0.784861
0.784861
0.784861
0.686106
0.686106
0.686106
0.686106
0.686106
0.686106
0.686106
0.686106
0.686106
0.686106
0.686106
0.686106
0.686106
0.686106
0.686106
0.686106
0.686106
0.686106
0.686106
0.686106
0.686106
0.686106
0.686106
0.686106
0.686106
0.686106
0.686106
0.686106
0.616446
0.616446
0.616446
0.616446
0.616446
0.616446
0.616446
0.616446
0.616446
0.908394
0.908394
0.908394
0.908394
0.908394
0.908394
0.908394
0.908394
0.908394
0.908394
0.908394
0.908394
0.908394
0.908394
0.495081
0.495081
0.495081
0.495081
0.495081
0.495081
0.495081
0.495081
0.495081
0.495081
0.495081
0.561205
0.561205
0.561205
0.561205
0.561205
0.422046
0.422046
0.422046
0.422046
0.422046
0.422046
0.908394
0.421677
0.421677
0.784861
0.784861
0.784861
0.354415
0.354415
0.354415
0.354415
0.354415
0.908394
0.908394
0.908394
0.908394
0.908394
0.865475
0.865475
0.865475
0.865475
0.865475
0.865475
0.865475
0.865475
0.865475
0.609496
0.609496
0.908394
0.908394
0.908394
0.908394
0.908394
0.908394
0.908394
0.908394
0.797627
0.797627
0.797627
0.797627
0.797627
0.797627
0.797627
0.797627
0.797627
0.797627
0.797627
0.797627
0.797627
0.797627
0.784861
0.746536
0.704168
0.704168
0.704168
0.704168
0.784861
0.828396
0.828396
0.828396
0.828396
0.828396
0.598813
0.598813
0.598813
0.598813
0.598813
0.598813
0.598813
0.598813
0.598813
0.746536
0.746536
0.746536
0.904044
0.904044
0.904044
0.904044
0.746536
0.746536
0.746536
0.746536
0.746536
0.746536
0.746536
0.746536
0.746536
0.746536
0.746536
0.784861
0.784861
0.784861
0.784861
0.784861
0.784861
0.784861
0.784861
0.784861
0.908394
0.784861
0.784861
0.784861
0.908394
0.908394
0.908394
0.879366
0.879366
0.879366
0.879366
0.784861
0.784861
0.752937
0.908394
0.908394
0.908394
0.908394
0.908394
0.908394
0.908394
0.784861
0.784861
0.784861
0.784861
0.784861
0.784861
0.784861
0.917471
0.917471
0.917471
0.917471
0.865475
0.865475
0.865475
0.865475
0.865475
0.865475
0.865475
0.865475
0.865475
0.865475
0.865475
0.784861
0.784861
0.784861
0.784861
0.784861
0.784861
0.784861
0.784861
0.784861
0.784861
0.784861
0.784861
0.754315
0.754315
0.754315
0.754315
0.908394
0.908394
0.908394
0.784861
0.784861
0.784861
0.784861
0.784861
0.602467
0.784861
0.784861
0.782342
0.782342
0.782342
0.782342
0.908394
0.607474
0.607474
0.607474
0.607474
0.607474
0.607474
0.746536
0.746536
0.582442
0.582442
0.582442
0.582442
0.582442
0.582442
0.582442
0.784861
0.784861
0.784861
0.784861
0.784861
0.754315
0.754315
0.754315
0.754315
0.421677
0.421677
0.421677
0.421677
0.421677
0.421677
0.421677
0.421677
0.421677
0.421677
0.421677
0.561735
0.561735
0.561735
0.561735
0.561246
0.561246
0.561246
0.561246
0.561246
0.32324
0.32324
0.32324
0.32324
0.32324
0.32324
0.826144
0.826144
0.826144
0.826144
0.826144
0.826144
0.826144
0.826144
0.826144
0.826144
0.826144
0.826144
0.826144
0.826144
0.826144
0.784861
0.784861
0.784861
0.784861
0.784861
0.784861
0.889335
0.889335
0.889335
0.889335
0.607474
0.607474
0.607474
0.607474
0.607474
0.607474
0.607474
0.607474
0.607474
0.607474
0.607474
0.607474
0.607474
0.607474
0.822869
0.822869
0.822869
0.746536
0.746536
0.784861
0.784861
0.784861
0.784861
0.784861
0.746536
0.746536
0.784861
0.784861
0.784861
0.784861
0.784861
0.784861
0.784861
0.784861
0.784861
0.784861
0.784861
0.784861
0.784861
0.573346
0.856596
0.856596
0.856596
0.889335
0.889335
0.889335
0.889335
0.889335
0.889335
0.889335
0.889335
0.889335
0.889335
0.889335
0.889335
0.908394
0.908394
0.908394
0.364478
0.364478
0.364478
0.364478
0.364478
0.364478
0.566332
0.566332
0.566332
0.566332
0.411582
0.411582
0.411582
0.675144
0.675144
0.675144
0.675144
0.675144
0.675144
0.675144
0.675144
0.797627
0.797627
0.797627
0.797627
0.784861
0.784861
0.784861
0.784861
0.769596
0.769596
0.769596
0.769596
0.769596
0.769596
0.769596
0.32324
0.32324
0.784861
0.784861
0.784861
0.784861
0.784861
0.784861
0.784861
0.917471
0.917471
0.917471
0.917471
0.917471
0.917471
0.754315
0.754315
0.548024
0.548024
0.548024
0.548024
0.548024
0.573346
0.573346
0.573346
0.573346
0.573346
0.573346
0.684024
0.684024
0.684024
0.684024
0.684024
0.602467
0.917471
0.784861
0.784861
0.784861
0.784861
0.784861
0.616446
0.616446
0.784861
0.746536
0.908394
0.908394
0.908394
0.908394
0.908394
0.908394
0.856596
0.856596
0.856596
0.856596
0.856596
0.908394
0.908394
0.908394
0.908394
0.908394
0.573346
0.422046
0.422046
0.422046
0.422046
0.512549
0.512549
0.512549
0.512549
0.512549
0.512549
0.617975
0.617975
0.617975
0.617975
0.617975
0.617975
0.617975
0.908394
0.908394
0.908394
0.784861
0.784861
0.573346
0.573346
0.573346
0.512549
0.512549
0.512549
0.512549
0.512549
0.512549
0.917471
0.917471
0.917471
0.917471
0.917471
0.696295
0.696295
0.696295
0.696295
0.822869
0.822869
0.822869
0.822869
0.822869
0.822869
0.822869
0.822869
0.822869
0.822435
0.822435
0.464941
0.464941
0.464941
0.464941
0.464941
0.464941
0.35165
0.35165
0.35165
0.35165
0.35165
0.32324
0.32324
0.32324
0.32324
0.32324
0.32324
0.32324
0.32324
0.686106
0.686106
0.686106
0.686106
0.917471
0.917471
0.917471
0.600441
0.600441
0.600441
0.600441
0.600441
0.908394
0.908394
0.784861
0.784861
0.784861
0.908394
0.908394
0.908394
0.908394
0.908394
0.908394
0.908394
0.422046
0.422046
0.32324
0.32324
0.609496
0.609496
0.609496
0.566332
0.566332
0.566332
0.566332
0.784861
0.784861
0.784861
0.784861
0.784861
0.784861
0.784861
0.784861
0.784861
0.784861
0.784861
0.686106
0.821859
0.821859
0.821859
0.856596
0.606631
0.606631
0.6097
0.6097
0.6097
0.6097
0.6097
0.6097
0.746536
0.746536
0.746536
0.746536
0.784861
0.784861
0.784861
0.784861
0.784861
0.856596
0.856596
0.856596
0.856596
0.856596
0.856596
0.784861
0.784861
0.784861
0.784861
0.856596
0.856596
0.856596
0.856596
0.856596
0.856596
0.856596
0.856596
0.784861
0.784861
0.607474
0.607474
0.607474
0.607474
0.607474
0.607474
0.607474
0.582484
0.582484
0.582484
0.421677
0.421677
0.421677
0.421677
0.35592
0.908394
0.908394
0.908394
0.908394
0.784861
0.784861
0.784861
0.784861
0.784861
0.784861
0.784861
0.784861
0.784861
0.784861
0.784861
0.784861
0.784861
0.908394
0.908394
0.908394
0.908394
0.908394
0.908394
0.908394
0.908394
0.908394
0.908394
0.908394
0.879366
0.879366
0.879366
0.609496
0.609496
0.908394
0.908394
0.908394
0.908394
0.908394
0.908394
0.908394
0.908394
0.908394
0.908394
0.908394
0.822435
0.822435
0.822435
0.822435
0.616446
0.616446
0.616446
0.616446
0.616446
0.616446
0.616446
0.616446
0.616446
0.528601
0.528601
0.754315
0.754315
0.754315
0.754315
0.784861
0.784861
0.784861
0.784861
0.784861
0.784861
0.784861
0.784861
0.784861
0.908394
0.908394
0.908394
0.908394
0.730114
0.730114
0.730114
0.730114
0.730114
0.730114
0.730114
0.364478
0.364478
0.364478
0.364478
0.843175
0.843175
0.843175
0.843175
0.660986
0.686106
0.686106
0.686106
0.686106
0.686106
0.528601
0.350712
0.350712
0.350712
0.512549
0.512549
0.560232
0.856596
0.41383
0.908394
0.908394
0.908394
0.678757
0.703149
0.703149
0.703149
0.703149
0.512549
0.917471
0.856596
0.573346
0.573346
0.908394
0.908394
0.713822
0.713822
0.713822
0.713822
0.713822
0.686106
0.908394
0.908394
0.856596
0.856596
0.856596
0.856596
0.856596
0.856596
0.856596
0.856596
0.856596
0.908394
0.908394
0.908394
0.746536
0.746536
0.746536
0.908394
0.512549
0.512549
0.917471
0.917471
0.856596
0.856596
0.856596
0.856596
0.856596
0.856596
0.849255
0.784861
0.675337
0.728722
0.844434
0.844434
0.844434
0.844434
0.844434
0.844434
0.844434
0.844434
0.844434
0.844434
0.844434
0.844434
0.908394
0.422046
0.422046
0.908394
0.908394
0.41383
0.41383
0.361138
0.361138
0.361138
0.361138
0.361138
0.361138
0.361138
0.856596
0.856596
0.856596
0.856596
0.856596
0.856596
0.856596
0.856596
0.917471
0.346725
0.346725
0.346725
0.346725
0.346725
0.784861
0.784861
0.784861
0.784861
0.403269
0.403269
0.583858
0.583858
0.583858
0.583858
0.583858
0.583858
0.557313
0.557313
0.557313
0.557313
0.746536
0.746536
0.746536
0.784861
0.784861
0.784861
0.784861
0.784861
0.784861
0.784861
0.784861
0.784861
0.879366
0.879366
0.879366
0.879366
0.879366
0.879366
0.879366
0.754315
0.754315
0.754315
0.908394
0.908394
0.908394
0.908394
0.561405
0.561405
0.561405
0.561405
0.561405
0.561405
0.561405
0.904354
0.904354
0.573346
0.573346
0.573346
0.573346
0.573346
0.822869
0.904044
0.904044
0.725283
0.725283
0.725283
0.725283
0.725283
0.725283
0.725283
0.725283
0.908394
0.879366
0.582484
0.582484
0.582484
0.582484
0.582484
0.32324
0.361138
0.361138
0.361138
0.361138
0.361138
0.32324
0.597225
0.32324
0.32324
0.908394
0.908394
0.908394
0.746536
0.746536
0.746536
0.784861
0.784861
0.865475
0.865475
0.865475
0.659464
0.497921
0.497921
0.497921
0.580644
0.580644
0.580644
0.6097
0.6097
0.821859
0.821859
0.660986
0.660986
0.660986
0.660986
0.917471
0.917471
0.917471
0.917471
0.917471
0.514003
0.746536
0.746536
0.667608
0.908394
0.908394
0.908394
0.784861
0.784861
0.784861
0.536083
0.536083
0.536083
0.536083
0.536083
0.536083
0.536083
0.879366
0.561246
0.561246
0.561246
0.814482
0.814482
0.814482
0.814482
0.814482
0.814482
0.814482
0.814482
0.814482
0.814482
0.814482
0.814482
0.814482
0.814482
0.814482
0.814482
0.622597
0.622597
0.622597
0.622597
0.622597
0.622597
0.622597
0.622597
0.622597
0.622597
0.622597
0.622597
0.622597
0.784861
0.486554
0.784861
0.784861
0.784861
0.53964
0.53964
0.53964
0.53964
0.53964
0.53964
0.53964
0.53964
0.53964
0.53964
0.566332
0.566332
0.566332
0.512549
0.512549
0.512549
0.908394
0.908394
0.908394
0.908394
0.908394
0.573346
0.573346
0.784861
0.784861
0.784861
0.361138
0.361138
0.856596
0.784861
0.784861
0.784861
0.784861
0.695125
0.784861
0.616446
0.616446
0.908394
0.856596
0.856596
0.856596
0.856596
0.856596
0.908394
0.908394
0.908394
0.908394
0.908394
0.908394
0.908394
0.526836
0.526836
0.675337
0.908394
0.908394
0.908394
0.908394
0.908394
0.908394
0.908394
0.495081
0.495081
0.754315
0.754315
0.908394
0.908394
0.684024
0.684024
0.784861
0.784861
0.784861
0.784861
0.784861
0.784861
0.784861
0.746536
0.746536
0.746536
0.746536
0.746536
0.746536
0.695125
0.695125
0.695125
0.695125
0.695125
0.695125
0.695125
0.784861
0.32324
0.560232
0.560232
0.566332
0.512549
0.512549
0.512549
0.512549
0.512549
0.784861
0.784861
0.573346
0.512549
0.908394
0.908394
0.908394
0.784861
0.856596
0.856596
0.856596
0.856596
0.856596
0.512549
0.512549
0.821833
0.821833
0.549975
0.549975
0.549975
0.549975
0.549975
0.549975
0.549975
0.549975
0.616337
0.495081
0.495081
0.495081
0.495081
0.616337
0.754315
0.754315
0.754315
0.754315
0.754315
0.660986
0.660986
0.735302
0.735302
0.784861
0.784861
0.784861
0.784861
0.784861
0.784861
0.784861
0.784861
0.908394
0.520341
0.411404
0.411404
0.411404
0.411404
0.411404
0.411404
0.411404
0.411404
0.411404
0.411404
0.411404
0.411404
0.879366
0.917471
0.784861
0.843859
0.843859
0.843859
0.573346
0.573346
0.573346
0.746536
0.746536
0.746536
0.746536
0.746536
0.746536
0.673927
0.673927
0.684024
0.784861
0.784861
0.784861
0.784861
0.784861
0.754315
0.754315
0.754315
0.754315
0.754315
0.814482
0.814482
0.393481
0.393481
0.393481
0.557313
0.557313
0.917471
0.784861
0.784861
0.879366
0.879366
0.879366
0.879366
0.908394
0.908394
0.514003
0.514003
0.616446
0.616446
0.616446
0.573346
0.784861
0.784861
0.784861
0.908394
0.908394
0.908394
0.609496
0.441884
0.441884
0.441884
0.441884
0.822869
0.822869
0.822869
0.822869
0.822869
0.421677
0.421677
0.421677
0.908394
0.908394
0.908394
0.908394
0.908394
0.917471
0.917471
0.605755
0.605755
0.32324
0.361138
0.361138
0.361138
0.361138
0.361138
0.784861
0.784861
0.784861
0.784861
0.784861
0.917471
0.921002
0.921002
0.921002
0.784861
0.784861
0.784861
0.746536
0.746536
0.746536
0.746536
0.784861
0.784861
0.784861
0.784861
0.548024
0.548024
0.495081
0.495081
0.713969
0.713969
0.713969
0.573346
0.573346
0.556571
0.616446
0.917471
0.616446
0.625703
0.625703
0.495081
0.495081
0.495081
0.495081
0.495081
0.514003
0.514003
0.514003
0.514003
0.514003
0.514003
0.514003
0.784861
0.784861
0.573346
0.856596
0.856596
0.32324
0.32324
0.754315
0.754315
0.746536
0.746536
0.784861
0.908394
0.660986
0.684024
0.675337
0.784861
0.675337
0.858148
0.858148
0.858148
0.609496
0.609496
0.609496
0.675337
0.675337
0.675337
0.675337
0.675337
0.856596
0.856596
0.879366
0.879366
0.879366
0.879366
0.917471
0.917471
0.908394
0.908394
0.908394
0.784861
0.784861
0.784861
0.784861
0.784861
0.749299
0.749299
0.749299
0.908394
0.908394
0.908394
0.784861
0.784861
0.32324
0.32324
0.573346
0.784861
0.616446
0.616446
0.917471
0.917471
0.917471
0.908394
0.839269
0.839269
0.728722
0.728722
0.908394
0.908394
0.908394
0.908394
0.908394
0.908394
0.908394
0.908394
0.908394
0.784861
0.784861
0.784861
0.784861
0.822869
0.822869
0.784861
0.784861
0.784861
0.784861
0.784861
0.784861
0.784861
0.784861
0.784861
0.495081
0.889335
0.754315
0.784861
0.908394
0.908394
0.908394
0.908394
0.821833
0.821833
0.746536
0.616446
0.616446
0.616446
0.784861
0.908394
0.908394
0.784861
0.784861
0.361138
0.589429
0.908394
0.827137
0.908394
0.784861
0.784861
0.741497
0.741497
0.908394
0.784861
0.784861
0.35165
0.35165
0.908394
0.908394
0.908394
0.784861
0.616446
0.908394
0.856596
0.856596
0.856596
0.495081
0.784861
0.784861
0.856596
0.856596
0.856596
0.565556
0.56928
0.56928
0.56928
0.582442
0.821833
0.856596
0.339544
0.339544
0.339544
0.917471
0.512549
0.512549
0.512549
0.784861
0.784861
0.784861
0.735302
0.908394
0.908394
0.908394
0.460511
0.917471
0.746536
0.746536
0.746536
0.395136
0.514003
0.799982
0.799982
0.799982
0.799982
0.856596
0.32324
0.609496
0.908394
0.784861
0.782342
0.602467
0.746536
0.746536
0.725283
0.784861
0.784861
0.784861
0.784861
0.784861
0.602467
0.535986
0.535986
0.535986
0.413797
0.908394
0.908394
0.602467
0.602467
0.32324
0.908394
0.908394
0.512549
0.609496
0.32324
0.32324
0.32324
0.32324
0.784861
0.784861
0.856596
0.598813
0.598813
0.856596
0.856596
0.784861
0.602467
0.784861
0.746536
0.735302
0.41383
0.616446
0.616446
0.616446
0.908394
0.784861
0.784861
0.784861
0.821859
0.784861
0.784861
0.784861
0.917471
0.784861
0.784861
0.512549
0.856596
0.495081
0.784861
0.784861
0.668573
0.668573
0.917471
0.917471
0.782824
0.782824
0.904044
0.908394
0.908394
0.784861
0.739372
0.627518
0.746536
0.784861
0.735302
0.784861
0.512549
0.856596
0.821833
0.889335
0.784861
0.548024
0.784861
0.609496
0.784861
0.784861
0.561205
0.784861
0.6097
0.713969
0.784861
0.486554
0.784861
0.784861
0.609496
0.908394
0.879366
0.512549
0.609496
0.879366
0.746536
0.856596
0.746536
0.784861
0.616446
0.560232
0.784861
0.573346
0.908394
0.784861
