0.23661
0.439375
0.304182
0.359576
0.304182
0.359576
0.304182
0.457264
0.480949
0.751885
0.51989
0.621284
0.356813
0.630089
0.634164
0.481752
0.593106
0.767002
0.743434
0.67296
0.860206
0.574933
0.384174
0.629275
0.767002
0.743434
0.765553
0.860206
0.67296
0.708755
0.7635
0.765553
0.684132
0.684132
0.661132
0.799538
0.661132
0.837514
0.881883
0.767002
0.330199
0.555597
0.701995
0.507816
0.544027
0.138482
0.386937
0.330917
0.280759
0.188716
0.32275
0.280759
0.481752
0.0727537
0.206661
0.212981
0.336384
0.171454
0.393397
0.171454
0.193187
0.180088
0.206661
0.191393
0.196225
0.2083
0.32631
0.393397
0.0727537
0.171454
0.191393
0.2083
0.19034
0.336384
0.171454
0.196225
0.180088
0.19034
0.439144
0.0759012
0.206661
0.0759012
0.180088
0.180088
0.171454
0.0727537
0.193187
0.206661
0.126879
0.281008
0.19034
0.19034
0.2083
0.336384
0.206661
0.193187
0.126879
0.212981
0.097502
0.281008
0.19034
0.0727537
0.126879
0.191393
0.191393
0.206661
0.097502
0.171454
0.19034
0.180088
0.206661
0.102605
0.206661
0.240785
0.0727537
0.393397
0.243168
0.19034
0.2083
0.246722
0.0499979
0.180088
0.196225
0.19034
0.0727537
0.126879
0.191393
0.19034
0.206661
0.206661
0.126879
0.180088
0.2083
0.0727537
0.336384
0.180088
0.2083
0.492241
0.802383
0.696666
0.815011
0.772654
0.189929
0.218632
0.251516
0.20263
0.132408
0.218167
0.185656
0.332302
0.137814
0.190492
0.185656
0.185656
0.20944
0.246637
0.332302
0.189929
0.185656
0.190492
0.251516
0.146543
0.251516
0.201017
0.132408
0.708755
0.593106
0.661132
0.708755
0.684132
0.361735
0.32939
0.32939
0.4118
0.499475
0.500709
0.380717
0.335388
0.364316
0.3141
0.467271
0.447246
0.306688
0.385235
0.412571
0.304667
0.494095
0.434533
0.434533
0.461005
0.440399
0.36438
0.304667
0.289007
0.45967
0.827513
0.229409
0.385235
0.494095
0.412571
0.385235
0.521947
0.576764
0.333444
0.36438
0.440399
0.45967
0.306688
0.21397
0.412571
0.385235
0.304667
0.521947
0.333444
0.157641
0.333444
0.213816
0.385235
0.333444
0.213506
0.304667
0.256002
0.213506
0.434533
0.333444
0.21397
0.364667
0.0900359
0.521947
0.306688
0.494095
0.333444
0.708755
0.749761
0.827047
0.765553
0.837514
0.799538
0.7635
0.837514
0.661132
0.789503
0.661132
0.767002
0.799538
0.661132
0.658707
0.593106
0.767002
0.684132
0.723368
0.723368
0.658707
0.67296
0.684132
0.493769
0.665101
0.596996
0.723168
0.446848
0.587451
0.493769
0.587451
0.614205
0.702648
0.4757
0.642656
0.596996
0.561763
0.532815
0.382821
0.504899
0.660195
0.504899
0.564029
0.4757
0.702648
0.596996
0.614205
0.660195
0.587451
0.614205
0.446848
0.722135
0.600539
0.660195
0.665101
0.56996
0.286562
0.240994
0.40624
0.313378
0.52025
0.353144
0.361726
0.671321
0.498933
0.498933
0.800342
0.493532
0.564838
0.626652
0.498933
0.730103
0.626652
0.564838
0.493532
0.336078
0.564394
0.371007
0.61726
0.597801
0.671321
0.493532
0.824188
0.61726
0.638312
0.61726
0.743431
0.537705
0.61726
0.61726
0.638312
0.564838
0.517276
0.61726
0.61726
0.33569
0.650279
0.730103
0.673705
0.517276
0.671321
0.564394
0.211412
0.638312
0.371007
0.61726
0.498933
0.824188
0.824188
0.61726
0.371007
0.338742
0.517276
0.493532
0.61726
0.671321
0.800342
0.61726
0.638312
0.61726
0.768275
0.517276
0.800342
0.517276
0.673705
0.671321
0.642423
0.517276
0.493532
0.742452
0.818533
0.803925
0.638173
0.751481
0.810705
0.717169
0.742452
0.708702
0.740269
0.777613
0.659995
0.720997
0.819009
0.740269
0.858865
0.75678
0.858865
0.751481
0.858865
0.858865
0.751481
0.858865
0.803925
0.655948
0.803798
0.826588
0.810705
0.655948
0.75678
0.740269
0.819009
0.818533
0.61463
0.80618
0.768512
0.842595
0.702061
0.704493
0.61463
0.518238
0.630089
0.630089
0.704493
0.655405
0.53154
0.652077
0.156366
0.117454
0.23375
0.312532
0.146021
0.23375
0.202162
0.310084
0.312532
0.197132
0.288351
0.135724
0.23375
0.288351
0.288351
0.193887
0.155151
0.146021
0.155151
0.202162
0.312532
0.363484
0.288351
0.363484
0.252882
0.363226
0.363226
0.208347
0.174169
0.363484
0.208347
0.126778
0.23375
0.215624
0.174169
0.202162
0.382872
0.117454
0.288351
0.288351
0.363226
0.202162
0.203565
0.174169
0.202162
0.0719394
0.174169
0.193887
0.352144
0.208347
0.312532
0.174169
0.174169
0.208347
0.363226
0.0636572
0.174169
0.312532
0.202162
0.202162
0.156366
0.363484
0.23375
0.197132
0.23375
0.310084
0.285648
0.197132
0.300233
0.117454
0.155151
0.288351
0.313909
0.47224
0.156366
0.285648
0.067996
0.174169
0.312532
0.168369
0.363226
0.174169
0.175048
0.208347
0.145307
0.202162
0.762172
0.878711
0.870133
0.89472
0.852718
0.839856
0.870133
0.79464
0.89472
0.861293
0.932863
0.857033
0.839856
0.868481
0.866531
0.910866
0.884316
0.852718
0.839856
0.861293
0.861293
0.866531
0.866578
0.866531
0.866531
0.866531
0.932863
0.852718
0.762172
0.852718
0.866559
0.495221
0.587602
0.667286
0.495221
0.816565
0.61222
0.858378
0.61222
0.858378
0.640627
0.61222
0.61222
0.61222
0.797149
0.691817
0.713784
0.61222
0.585519
0.0865578
0.715841
0.61222
0.61222
0.495221
0.553758
0.881883
0.481752
0.799538
0.684132
0.743434
0.553758
0.21397
0.440399
0.510077
0.672301
0.630089
0.621284
0.621284
0.621284
0.61463
0.80618
0.672301
0.716105
0.571893
0.64161
0.332946
0.688149
0.579479
0.64161
0.664959
0.780432
0.238507
0.307771
0.234023
0.308497
0.308497
0.308497
0.275385
0.508956
0.368947
0.402274
0.456194
0.50369
0.549472
0.61545
0.50369
0.402274
0.327674
0.475473
0.549472
0.61545
0.355123
0.50369
0.61545
0.50369
0.50369
0.327674
0.50369
0.4818
0.524019
0.50369
0.4818
0.0458728
0.0639945
0.137274
0.277885
0.160161
0.408096
0.171121
0.171121
0.0862894
0.160161
0.171121
0.165987
0.152413
0.0549983
0.0549983
0.408096
0.165987
0.142204
0.0639945
0.297558
0.160161
0.0862894
0.408096
0.179439
0.238911
0.236975
0.0458728
0.125421
0.408096
0.171121
0.513205
0.729391
0.670232
0.598368
0.751077
0.770795
0.765375
0.73965
0.670232
0.670232
0.678783
0.687272
0.765375
0.607858
0.91375
0.708609
0.513205
0.922746
0.670232
0.734886
0.753847
0.687272
0.284554
0.676074
0.678783
0.734886
0.770795
0.664259
0.734886
0.670232
0.527425
0.73965
0.670232
0.734886
0.729391
0.855292
0.765375
0.527425
0.670232
0.783765
0.734886
0.855292
0.670232
0.73965
0.69331
0.729391
0.678783
0.623046
0.670232
0.589934
0.770795
0.729391
0.545854
0.589934
0.670232
0.753847
0.687272
0.687272
0.753847
0.751077
0.670232
0.670232
0.678783
0.765375
0.734886
0.691114
0.670232
0.783765
0.284554
0.468329
0.770795
0.678783
0.687272
0.687272
0.687272
0.689084
0.639295
0.676074
0.753847
0.670232
0.783765
0.670232
0.670232
0.751077
0.664259
0.670232
0.687272
0.513205
0.922746
0.589934
0.691114
0.589934
0.73965
0.670232
0.783765
0.765375
0.670232
0.729391
0.678783
0.678783
0.212286
0.434637
0.430186
0.463368
0.430186
0.61577
0.212286
0.673916
0.396552
0.446107
0.532053
0.463368
0.396552
0.434637
0.408852
0.473365
0.4328
0.350185
0.45944
0.47762
0.430186
0.4328
0.457121
0.396552
0.44387
0.446107
0.350185
0.400106
0.457121
0.457121
0.45944
0.532053
0.217836
0.532053
0.408852
0.279131
0.544001
0.311792
0.447984
0.417488
0.528765
0.487087
0.632224
0.66308
0.77682
0.731756
0.722066
0.614422
0.731756
0.522311
0.632224
0.520218
0.660906
0.660906
0.614422
0.630364
0.683702
0.660906
0.697074
0.614422
0.604367
0.574819
0.66308
0.614422
0.697074
0.514846
0.614422
0.574819
0.630364
0.630364
0.520218
0.578286
0.273136
0.528765
0.629164
0.542811
0.77682
0.614422
0.722066
0.644056
0.712641
0.247061
0.343379
0.448807
0.395982
0.486911
0.448807
0.404323
0.365775
0.531615
0.553729
0.531615
0.404323
0.340145
0.436853
0.404323
0.416335
0.451691
0.42031
0.42341
0.379302
0.404323
0.531615
0.46958
0.364987
0.42031
0.391359
0.531615
0.486911
0.356248
0.186141
0.448807
0.489703
0.340145
0.436853
0.326289
0.343379
0.46958
0.326289
0.531615
0.404323
0.299416
0.391359
0.247061
0.340145
0.404323
0.340145
0.299416
0.299416
0.534278
0.534278
0.379302
0.326289
0.545727
0.64161
0.69462
0.754517
0.664959
0.780171
0.426343
0.612022
0.667888
0.700988
0.480297
0.0978415
0.0936055
0.0936055
0.0936055
0.0936055
0.18161
0.0946375
0.18161
0.0936055
0.127852
0.0936055
0.111369
0.0936055
0.0936055
0.17385
0.131607
0.0521585
0.193187
0.393397
0.206661
0.2083
0.19034
0.462819
0.488618
0.476204
0.608202
0.789267
0.56096
0.61868
0.595871
0.608202
0.61128
0.641753
0.641753
0.61128
0.641753
0.789267
0.727846
0.664007
0.103674
0.108345
0.101914
0.112341
0.0504643
0.108345
0.108345
0.0504643
0.0958099
0.144817
0.101914
0.108345
0.306688
0.213506
0.217655
0.61463
0.704493
0.630089
0.630089
0.751885
0.678825
0.306688
0.447443
0.461005
0.45967
0.364667
0.305745
0.305745
0.481016
0.492857
0.481016
0.362571
0.492857
0.481016
0.481016
0.397437
0.481016
0.340488
0.523812
0.481016
0.397437
0.397437
0.397437
0.387581
0.397437
0.397437
0.537621
0.481016
0.284903
0.608163
0.465278
0.514857
0.341119
0.149641
0.343629
0.450612
0.704254
0.704254
0.341119
0.0825373
0.375045
0.296437
0.416901
0.860206
0.661132
0.67296
0.743434
0.767002
0.7635
0.661132
0.765553
0.661132
0.870007
0.743313
0.9361
0.718035
0.9361
0.718035
0.718035
0.905299
0.905299
0.718035
0.749198
0.722052
0.815011
0.718035
0.85846
0.772654
0.670796
0.815011
0.353746
0.870007
0.696666
0.699794
0.718035
0.718035
0.696666
0.566629
0.905299
0.718035
0.733227
0.853787
0.699794
0.9361
0.670796
0.772654
0.76529
0.772654
0.718035
0.625261
0.743313
0.905299
0.870007
0.696666
0.888258
0.670796
0.718035
0.576764
0.304667
0.45967
0.364667
0.21397
0.328013
0.45967
0.304667
0.304667
0.440399
0.494095
0.461005
0.429089
0.730457
0.447443
0.385235
0.521947
0.213506
0.304667
0.333444
0.385235
0.213506
0.521947
0.364667
0.333444
0.576764
0.229409
0.521947
0.304667
0.229409
0.521947
0.376035
0.333444
0.521947
0.333444
0.36438
0.229409
0.521947
0.21397
0.440399
0.304667
0.434533
0.827513
0.213506
0.532445
0.304667
0.21397
0.447443
0.289007
0.440399
0.447443
0.333444
0.412571
0.434533
0.309085
0.521947
0.304667
0.333444
0.521947
0.36438
0.213816
0.0512651
0.447443
0.304667
0.304667
0.306688
0.304667
0.157641
0.328013
0.45967
0.827513
0.325374
0.429089
0.306688
0.304667
0.827513
0.304667
0.440399
0.447443
0.229409
0.157641
0.328013
0.494095
0.860206
0.765553
0.67296
0.661132
0.723368
0.67296
0.837514
0.67296
0.743434
0.708755
0.384174
0.684132
0.593106
0.765553
0.799538
0.90128
0.765553
0.661132
0.67296
0.767002
0.708755
0.767002
0.765553
0.743434
0.67296
0.860206
0.743434
0.661132
0.765553
0.723368
0.765553
0.765553
0.598549
0.414929
0.459175
0.431601
0.595248
0.720984
0.375611
0.381202
0.425477
0.621384
0.331629
0.860206
0.799538
0.574933
0.765553
0.593106
0.881883
0.708755
0.553758
0.507585
0.67296
0.860206
0.67296
0.384174
0.593106
0.593106
0.593106
0.67296
0.765553
0.723368
0.661132
0.661132
0.723368
0.67296
0.67296
0.881883
0.723368
0.684132
0.528144
0.767002
0.684132
0.765553
0.384174
0.507585
0.615865
0.639853
0.639853
0.485706
0.417481
0.407903
0.407903
0.44189
0.492725
0.651705
0.416539
0.651705
0.562825
0.562825
0.182281
0.490604
0.381755
0.381755
0.413195
0.584395
0.134079
0.279535
0.723368
0.481752
0.559146
0.741907
0.568718
0.567609
0.521622
0.532149
0.442009
0.741907
0.714668
0.0609197
0.0597092
0.0713784
0.0533584
0.0713784
0.0532789
0.0934584
0.0597092
0.0200919
0.0533584
0.0565245
0.762056
0.754926
0.142204
0.171121
0.171121
0.176429
0.152413
0.0862894
0.171121
0.165987
0.152413
0.194336
0.316737
0.217655
0.23628
0.369031
0.397695
0.345987
0.363981
0.76529
0.492241
0.492241
0.888258
0.836597
0.772654
0.753847
0.770795
0.765375
0.670232
0.708609
0.734886
0.670232
0.670232
0.73965
0.670232
0.855292
0.922746
0.670232
0.687272
0.670232
0.734886
0.855292
0.765375
0.670232
0.670232
0.691114
0.734886
0.670232
0.69331
0.73965
0.513205
0.670232
0.765375
0.670232
0.545854
0.545854
0.670232
0.670232
0.765375
0.670232
0.678783
0.765375
0.765375
0.753847
0.765375
0.607858
0.639295
0.607858
0.670232
0.670232
0.670232
0.770795
0.753847
0.922746
0.765375
0.753847
0.670232
0.545854
0.643597
0.546236
0.671444
0.340768
0.37352
0.428161
0.714393
0.661801
0.656737
0.484397
0.484397
0.484397
0.484397
0.656737
0.484397
0.661801
0.416441
0.467116
0.661801
0.546236
0.484397
0.675422
0.511091
0.484397
0.656737
0.484397
0.429086
0.37352
0.484397
0.661801
0.643597
0.416441
0.429086
0.416441
0.714393
0.643597
0.288351
0.336519
0.126778
0.208347
0.202162
0.363484
0.174169
0.300233
0.174169
0.352144
0.312532
0.208347
0.23375
0.288351
0.352144
0.202162
0.363484
0.202162
0.754153
0.730496
0.611427
0.570591
0.745778
0.766763
0.730496
0.766763
0.766763
0.727482
0.553796
0.81207
0.766763
0.553796
0.766763
0.791853
0.745778
0.724156
0.813497
0.766763
0.745778
0.766763
0.748105
0.754153
0.748105
0.834048
0.843971
0.772905
0.553796
0.772905
0.745778
0.766763
0.748105
0.764937
0.553796
0.724156
0.766763
0.724156
0.754153
0.857033
0.870133
0.839856
0.870133
0.49558
0.852718
0.806982
0.806982
0.667213
0.878533
0.667213
0.694239
0.667213
0.704622
0.878533
0.912717
0.713075
0.568639
0.694239
0.694239
0.368568
0.778285
0.44142
0.595209
0.778447
0.642421
0.423447
0.301216
0.335304
0.344214
0.335304
0.292214
0.621065
0.463886
0.377939
0.188796
0.377939
0.621065
0.377939
0.28984
0.520138
0.288351
0.288351
0.23375
0.174169
0.310084
0.288351
0.203565
0.382872
0.23375
0.363226
0.312532
0.382872
0.202162
0.466785
0.415621
0.314575
0.598803
0.453133
0.461074
0.679754
0.577238
0.548313
0.569404
0.598803
0.527312
0.337223
0.704974
0.542399
0.569404
0.704974
0.598803
0.598803
0.716665
0.527312
0.548313
0.717287
0.650001
0.717748
0.717287
0.394053
0.672218
0.548313
0.598803
0.564509
0.569404
0.569404
0.548313
0.650001
0.640829
0.564509
0.461074
0.598803
0.569404
0.717287
0.569404
0.542399
0.577238
0.598803
0.671761
0.598803
0.564509
0.717287
0.257266
0.717748
0.598803
0.716665
0.542399
0.679754
0.598803
0.598803
0.598803
0.542399
0.569404
0.453133
0.548313
0.453133
0.717287
0.564509
0.649959
0.717748
0.598803
0.597209
0.564509
0.615453
0.598803
0.618987
0.598803
0.598803
0.577238
0.564509
0.542399
0.788305
0.564509
0.671761
0.598803
0.439044
0.346122
0.439044
0.439044
0.411802
0.411802
0.304667
0.304667
0.385235
0.447443
0.576764
0.440399
0.412571
0.309085
0.412571
0.36438
0.304667
0.289007
0.304667
0.333444
0.221077
0.304667
0.730457
0.304667
0.21397
0.36438
0.306688
0.385235
0.304667
0.304667
0.772654
0.836597
0.733227
0.625261
0.870007
0.772654
0.492241
0.870007
0.893388
0.905299
0.696666
0.802383
0.718035
0.625261
0.749198
0.733227
0.718035
0.9361
0.625261
0.755585
0.566629
0.76529
0.749198
0.749198
0.905299
0.696666
0.718035
0.802383
0.743313
0.733227
0.696666
0.353746
0.566629
0.718035
0.758977
0.733227
0.76689
0.699794
0.566629
0.733227
0.743313
0.772654
0.718035
0.566629
0.772654
0.772654
0.772654
0.52242
0.672162
0.507816
0.53318
0.701995
0.53318
0.52242
0.507816
0.457975
0.486616
0.486616
0.672162
0.629094
0.507816
0.457975
0.629094
0.894027
0.908357
0.880718
0.908357
0.869686
0.864586
0.914814
0.892446
0.844913
0.846003
0.72011
0.864586
0.933137
0.880718
0.871214
0.875511
0.871214
0.864586
0.871214
0.655318
0.957754
0.871214
0.892446
0.908357
0.846003
0.484919
0.444425
0.667888
0.444425
0.484919
0.861293
0.861293
0.839856
0.866531
0.695485
0.89472
0.935341
0.932863
0.932863
0.932863
0.866559
0.901224
0.884316
0.885428
0.839856
0.839856
0.695406
0.91847
0.910866
0.626097
0.79464
0.860284
0.626097
0.935341
0.932863
0.866531
0.879612
0.910866
0.839856
0.271091
0.397695
0.345987
0.322029
0.565047
0.594651
0.397695
0.199685
0.322544
0.322029
0.411158
0.345987
0.602127
0.345987
0.212132
0.345987
0.417428
0.580659
0.578126
0.834599
0.204912
0.34316
0.34316
0.578126
0.580659
0.265935
0.696389
0.798905
0.845462
0.859126
0.754926
0.719315
0.740864
0.762056
0.853119
0.757289
0.567162
0.567162
0.712332
0.859126
0.845462
0.859126
0.685962
0.710768
0.696389
0.708308
0.753928
0.712332
0.791346
0.791812
0.708308
0.859126
0.845462
0.762056
0.685962
0.344224
0.685962
0.685962
0.708308
0.845316
0.344224
0.791812
0.576472
0.576472
0.576472
0.754926
0.710768
0.853119
0.710768
0.753928
0.344224
0.798905
0.708308
0.708308
0.845462
0.753928
0.461457
0.708308
0.775718
0.694268
0.762056
0.791812
0.798905
0.531569
0.740864
0.309085
0.447443
0.447443
0.521947
0.429089
0.36438
0.412571
0.440399
0.36438
0.309085
0.21397
0.494095
0.213506
0.304667
0.333444
0.333444
0.434533
0.364667
0.0512651
0.306688
0.385235
0.440399
0.385235
0.412571
0.339202
0.494095
0.36438
0.494095
0.653457
0.90128
0.765553
0.90128
0.799538
0.593106
0.799538
0.708755
0.723368
0.860206
0.749761
0.553758
0.574933
0.767002
0.7635
0.765553
0.661132
0.661132
0.900394
0.799538
0.749761
0.708755
0.837514
0.81014
0.553758
0.684132
0.398078
0.424967
0.300139
0.385844
0.406263
0.576363
0.424967
0.619777
0.636593
0.47132
0.711126
0.603141
0.586148
0.70944
0.701767
0.821999
0.646913
0.618787
0.850849
0.616219
0.668965
0.616219
0.642114
0.668965
0.642114
0.407224
0.668965
0.618787
0.680662
0.330472
0.407224
0.598372
0.668447
0.570072
0.460118
0.568283
0.568283
0.568283
0.420365
0.414777
0.686759
0.608855
0.898893
0.460118
0.193187
0.0727537
0.102605
0.281008
0.171454
0.193187
0.2083
0.206661
0.19034
0.2083
0.180088
0.180088
0.206661
0.483474
0.622822
0.700809
0.495244
0.464575
0.570657
0.615183
0.665071
0.537601
0.577277
0.537601
0.72625
0.700809
0.573733
0.577277
0.579735
0.741112
0.712894
0.768625
0.475828
0.35362
0.717307
0.61696
0.652948
0.694301
0.818512
0.747489
0.909464
0.610753
0.854735
0.708755
0.629275
0.658707
0.67296
0.384174
0.593106
0.661132
0.836597
0.749198
0.742897
0.622214
0.800912
0.843474
0.687729
0.643386
0.687729
0.742897
0.742452
0.858865
0.75678
0.880248
0.803925
0.552554
0.818533
0.740269
0.306688
0.45967
0.304667
0.447443
0.521947
0.304667
0.521947
0.304667
0.708755
0.767002
0.553758
0.881883
0.67296
0.767002
0.384174
0.708755
0.767002
0.661132
0.708755
0.827047
0.749761
0.743434
0.881883
0.384174
0.684132
0.827047
0.743434
0.653259
0.765553
0.860206
0.881883
0.661132
0.661132
0.767002
0.684132
0.661132
0.723368
0.827047
0.661132
0.653457
0.684132
0.765553
0.860206
0.67296
0.593106
0.765553
0.574933
0.481752
0.67296
0.765553
0.827047
0.658707
0.473997
0.492695
0.640631
0.492695
0.613698
0.492695
0.565493
0.389558
0.492695
0.479583
0.58199
0.320777
0.439456
0.439456
0.492695
0.492695
0.439456
0.492695
0.58199
0.492695
0.472695
0.472691
0.586716
0.586716
0.429011
0.541784
0.586716
0.504708
0.535284
0.472691
0.586716
0.504708
0.586716
0.501632
0.218559
0.601591
0.416794
0.630366
0.578092
0.4496
0.680357
0.870133
0.885428
0.866531
0.901224
0.866531
0.935341
0.866531
0.861293
0.884316
0.769186
0.858186
0.810475
0.693503
0.875376
0.810068
0.847529
0.810475
0.862979
0.870871
0.813578
0.7126
0.862979
0.923058
0.948262
0.351369
0.764099
0.777347
0.727318
0.813578
0.813578
0.870503
0.810068
0.708755
0.708755
0.658707
0.827047
0.67296
0.723368
0.593106
0.661132
0.881883
0.593106
0.67296
0.684132
0.708755
0.723368
0.743434
0.67296
0.799538
0.574933
0.767002
0.881883
0.767002
0.723368
0.653259
0.765553
0.481752
0.860206
0.197132
0.288351
0.197132
0.208347
0.312532
0.352144
0.156366
0.708755
0.569144
0.327674
0.598223
0.549472
0.456194
0.270388
0.552765
0.456194
0.601805
0.61545
0.342119
0.601805
0.456194
0.456194
0.171454
0.2083
0.0727537
0.206661
0.180088
0.281008
0.19034
0.0727537
0.2083
0.240785
0.171454
0.501632
0.501632
0.57924
0.586716
0.501632
0.680357
0.504708
0.472691
0.472691
0.59743
0.601445
0.350517
0.729541
0.601445
0.535599
0.667578
0.601445
0.40953
0.726732
0.535599
0.765889
0.333444
0.21397
0.412571
0.36438
0.157641
0.304667
0.45967
0.304667
0.45967
0.44088
0.305266
0.347778
0.396117
0.318022
0.385522
0.385522
0.288431
0.394717
0.333444
0.447443
0.730457
0.576764
0.0512651
0.36438
0.333444
0.333444
0.188796
0.447443
0.521947
0.520406
0.153466
0.257252
0.202286
0.257252
0.0908499
0.102739
0.151117
0.142737
0.151117
0.174819
0.333444
0.730457
0.730457
0.680863
0.751885
0.621284
0.672301
0.630089
0.655405
0.702061
0.704493
0.80618
0.630089
0.621284
0.664959
0.69462
0.754517
0.593247
0.571893
0.732005
0.754517
0.69462
0.685906
0.780432
0.561218
0.64161
0.579479
0.69462
0.579479
0.579479
0.820814
0.64161
0.610984
0.664959
0.627139
0.664959
0.748831
0.656245
0.64161
0.64161
0.780432
0.69462
0.688149
0.579479
0.64161
0.627139
0.688149
0.580994
0.656245
0.761103
0.780432
0.545727
0.332946
0.754517
0.780171
0.598301
0.754517
0.780432
0.598301
0.484449
0.598301
0.656245
0.656245
0.64161
0.656245
0.598301
0.754517
0.656245
0.580994
0.545727
0.498187
0.332946
0.64161
0.571893
0.631767
0.703189
0.69462
0.754517
0.571893
0.579479
0.754517
0.664959
0.593247
0.732005
0.754517
0.276634
0.278616
0.278616
0.276634
0.449151
0.339492
0.449151
0.277058
0.565534
0.418538
0.172618
0.449151
0.450779
0.257312
0.449151
0.172618
0.308453
0.28853
0.278616
0.311868
0.28853
0.28853
0.418538
0.418538
0.277058
0.276634
0.28853
0.277058
0.278616
0.278616
0.172618
0.277058
0.658155
0.926189
0.658155
0.21622
0.579099
0.407722
0.344795
0.344795
0.522904
0.2695
0.216059
0.216059
0.619256
0.658155
0.558819
0.261884
0.261884
0.105825
0.183362
0.11658
0.17551
0.0883045
0.11658
0.11658
0.0791774
0.0883045
0.0883045
0.347919
0.595248
0.767162
0.536265
0.361273
0.443196
0.255848
0.400422
0.414929
0.400422
0.505109
0.126364
0.441416
0.598549
0.331629
0.621384
0.414929
0.414929
0.331629
0.431601
0.400422
0.331358
0.358995
0.294893
0.406263
0.461005
0.304667
0.221077
0.333444
0.304667
0.333444
0.440399
0.385235
0.888258
0.888258
0.749198
0.353746
0.670796
0.743313
0.799538
0.767002
0.743434
0.7635
0.827047
0.661132
0.658707
0.684132
0.765553
0.881883
0.765553
0.723368
0.16634
0.767002
0.67296
0.653259
0.860206
0.67296
0.658707
0.881883
0.67296
0.684132
0.507585
0.888258
0.9361
0.9361
0.9361
0.799538
0.743434
0.684132
0.708755
0.810705
0.819009
0.880248
0.695507
0.75678
0.695507
0.75678
0.803925
0.786682
0.810705
0.659995
0.655948
0.818533
0.858865
0.75678
0.75678
0.742452
0.901039
0.858865
0.891954
0.858865
0.855918
0.717169
0.740269
0.695507
0.740269
0.844957
0.803925
0.740269
0.777613
0.75678
0.751481
0.751481
0.75678
0.638173
0.742452
0.880248
0.710299
0.777613
0.740269
0.638173
0.708702
0.740269
0.750475
0.804913
0.54601
0.662578
0.731397
0.723004
0.780363
0.662578
0.723004
0.730083
0.45078
0.608858
0.441416
0.269923
0.720984
0.425477
0.425477
0.361273
0.414929
0.331629
0.608858
0.400422
0.201484
0.269923
0.431601
0.525231
0.431601
0.431601
0.400422
0.611956
0.594044
0.297909
0.846259
0.878165
0.494095
0.827513
0.601215
0.304667
0.304667
0.304667
0.45967
0.36438
0.447443
0.364667
0.213506
0.447443
0.576764
0.576764
0.868481
0.884316
0.861293
0.861293
0.861293
0.839856
0.884316
0.884316
0.935341
0.806982
0.866559
0.901224
0.937385
0.861293
0.866559
0.852718
0.901224
0.861293
0.852718
0.861293
0.852718
0.861293
0.852718
0.852718
0.839856
0.861293
0.695485
0.820676
0.884316
0.866531
0.626097
0.932863
0.861293
0.671444
0.661801
0.60656
0.467116
0.60656
0.643597
0.656737
0.7635
0.7635
0.661132
0.767002
0.658707
0.767002
0.684132
0.767002
0.653259
0.765553
0.16634
0.67296
0.799538
0.629275
0.704493
0.696576
0.680863
0.630089
0.606174
0.750384
0.630089
0.630089
0.80618
0.634164
0.630089
0.606174
0.510077
0.704493
0.630089
0.53154
0.702061
0.634164
0.457264
0.80618
0.621284
0.634164
0.634164
0.876623
0.908357
0.871214
0.844913
0.876623
0.846003
0.894027
0.894027
0.93941
0.844913
0.624195
0.846003
0.938927
0.940913
0.93941
0.859043
0.859043
0.957754
0.72011
0.844913
0.940913
0.869686
0.864586
0.804599
0.804599
0.869686
0.933137
0.871214
0.93941
0.957754
0.871214
0.93941
0.864586
0.871214
0.864586
0.957754
0.93941
0.914814
0.93941
0.844913
0.938927
0.93941
0.933137
0.957754
0.846003
0.624195
0.894027
0.864586
0.894027
0.875499
0.894027
0.894027
0.871214
0.804599
0.93941
0.846003
0.93941
0.864586
0.859043
0.864586
0.846003
0.933137
0.908357
0.889945
0.864586
0.859043
0.844913
0.670201
0.940612
0.889945
0.864586
0.864586
0.864586
0.869686
0.921042
0.940913
0.876623
0.859043
0.859043
0.869686
0.655318
0.914814
0.93941
0.894027
0.889945
0.804599
0.880718
0.93941
0.914814
0.933137
0.894027
0.72011
0.908357
0.915202
0.940913
0.859043
0.933137
0.900875
0.864586
0.23375
0.202162
0.208177
0.285648
0.0636572
0.363226
0.363484
0.202162
0.310084
0.208347
0.285648
0.202162
0.202162
0.363226
0.288351
0.231118
0.312532
0.0719394
0.363484
0.208177
0.208177
0.363226
0.174169
0.203565
0.208347
0.363226
0.0636572
0.382872
0.203565
0.156366
0.197132
0.174169
0.117454
0.156366
0.208347
0.464571
0.464571
0.464571
0.249526
0.225494
0.394304
0.480016
0.439375
0.281072
0.835393
0.394304
0.708755
0.827047
0.90128
0.7635
0.661132
0.838693
0.723368
0.827047
0.653259
0.481752
0.767002
0.306688
0.461005
0.440399
0.36438
0.45967
0.304667
0.385235
0.213506
0.304667
0.447443
0.36438
0.304667
0.521947
0.304667
0.229409
0.229409
0.45967
0.36438
0.304667
0.221077
0.870133
0.901224
0.89472
0.857033
0.861293
0.857033
0.839856
0.866559
0.814571
0.839856
0.839856
0.884316
0.911843
0.708755
0.661132
0.827047
0.827047
0.661132
0.881883
0.789503
0.306688
0.412571
0.62988
0.594736
0.594736
0.749379
0.870133
0.839856
0.852718
0.857033
0.79464
0.857033
0.814571
0.708755
0.661132
0.343942
0.423385
0.414913
0.694427
0.513841
0.694427
0.551238
0.513841
0.230134
0.551238
0.610968
0.610968
0.414913
0.570369
0.579155
0.576044
0.255848
0.431601
0.414929
0.425477
0.425477
0.425477
0.414929
0.443196
0.425477
0.425477
0.425477
0.431601
0.425477
0.361273
0.400422
0.347919
0.361273
0.643124
0.361273
0.566629
0.802383
0.625261
0.893388
0.743313
0.696666
0.722052
0.888258
0.566629
0.772654
0.9361
0.718035
0.718035
0.836597
0.76529
0.733227
0.772654
0.699794
0.718035
0.749198
0.772654
0.836597
0.772654
0.772654
0.718035
0.76529
0.772654
0.670796
0.718035
0.696666
0.37393
0.625261
0.905299
0.772654
0.817066
0.802383
0.9361
0.743313
0.459233
0.748274
0.781821
0.682533
0.643987
0.438457
0.748274
0.577509
0.577509
0.62506
0.62506
0.515957
0.677979
0.797809
0.736996
0.577509
0.781821
0.546925
0.386306
0.620721
0.386306
0.781821
0.577509
0.636573
0.515957
0.479382
0.560339
0.386306
0.622178
0.62506
0.781821
0.310039
0.565376
0.577509
0.577509
0.682533
0.643952
0.748274
0.546925
0.565376
0.560339
0.6294
0.736996
0.515957
0.62506
0.781821
0.560339
0.781821
0.546925
0.577509
0.546925
0.620721
0.781821
0.711781
0.711781
0.556322
0.577509
0.62506
0.565376
0.577509
0.577509
0.577509
0.797809
0.781821
0.479382
0.438457
0.577509
0.749896
0.577509
0.620721
0.62506
0.711781
0.577509
0.577509
0.62506
0.577509
0.438457
0.636573
0.643952
0.577509
0.621952
0.459233
0.546925
0.679456
0.386306
0.546925
0.801518
0.781821
0.546925
0.565376
0.310039
0.565376
0.781821
0.636573
0.781821
0.577509
0.577509
0.32007
0.637043
0.397082
0.403395
0.681336
0.625895
0.637043
0.403395
0.32007
0.489342
0.714668
0.473327
0.521622
0.548804
0.397082
0.442009
0.532149
0.532149
0.532149
0.663282
0.714668
0.521622
0.489342
0.489342
0.489342
0.681336
0.741907
0.741907
0.681336
0.559146
0.660177
0.559146
0.442009
0.653422
0.750475
0.708702
0.880248
0.844957
0.777613
0.855918
0.826588
0.75678
0.844957
0.655948
0.818533
0.858865
0.803925
0.740269
0.75678
0.75678
0.803798
0.740269
0.777613
0.655948
0.552554
0.658707
0.799538
0.743434
0.860206
0.67296
0.653259
0.658707
0.799538
0.767002
0.749761
0.553758
0.684132
0.405154
0.584327
0.542048
0.668929
0.513361
0.488385
0.444139
0.542048
0.584327
0.496231
0.542048
0.713112
0.518163
0.561642
0.420508
0.518163
0.561642
0.48751
0.584327
0.488385
0.488385
0.378993
0.584327
0.605623
0.542048
0.488385
0.557888
0.561642
0.510262
0.488385
0.605623
0.444139
0.496231
0.475852
0.561642
0.583298
0.518163
0.488385
0.557888
0.488385
0.571675
0.475852
0.496231
0.420508
0.475852
0.510262
0.488385
0.646545
0.652163
0.669018
0.513485
0.6888
0.330206
0.652163
0.787571
0.6888
0.712995
0.652163
0.6888
0.669018
0.641702
0.652163
0.618484
0.6888
0.809036
0.641702
0.652163
0.83859
0.83859
0.352293
0.652163
0.652163
0.513485
0.584724
0.412209
0.352355
0.263888
0.656316
0.49002
0.528503
0.528503
0.527635
0.352355
0.528503
0.451722
0.292195
0.397611
0.543738
0.397611
0.369365
0.394972
0.464092
0.543738
0.344328
0.344328
0.307965
0.433243
0.543738
0.338385
0.211156
0.543738
0.433243
0.344328
0.415068
0.425076
0.433243
0.394972
0.211156
0.14157
0.344328
0.409976
0.182768
0.266237
0.409976
0.415068
0.394972
0.425076
0.344328
0.307965
0.27183
0.344328
0.344328
0.325255
0.397611
0.425076
0.307965
0.307965
0.543738
0.344328
0.387469
0.425076
0.182768
0.325255
0.200705
0.237627
0.147829
0.261412
0.237627
0.261412
0.254549
0.254985
0.261412
0.237627
0.254549
0.286122
0.155664
0.220928
0.237627
0.251814
0.302749
0.254549
0.433386
0.230779
0.145363
0.261412
0.302749
0.126778
0.202162
0.23375
0.336519
0.202162
0.202162
0.352144
0.155151
0.202162
0.202162
0.146021
0.288351
0.0719394
0.300233
0.23375
0.312532
0.208177
0.0719394
0.300233
0.363484
0.202162
0.202162
0.382872
0.363226
0.420506
0.503865
0.655948
0.803798
0.750475
0.75678
0.834796
0.818533
0.810705
0.75678
0.858865
0.818533
0.552554
0.803798
0.75678
0.880248
0.740269
0.638173
0.75678
0.858865
0.818533
0.75678
0.818533
0.655948
0.740269
0.777613
0.751481
0.804852
0.818533
0.818533
0.334102
0.638173
0.717169
0.855918
0.740269
0.888714
0.75678
0.296207
0.296207
0.370497
0.250067
0.402137
0.399551
0.481022
0.545356
0.370497
0.607777
0.193304
0.248728
0.341044
0.341044
0.336051
0.341044
0.237074
0.237074
0.219975
0.341044
0.111085
0.275524
0.33399
0.258067
0.237074
0.33399
0.289746
0.219975
0.1928
0.289746
0.341044
0.275524
0.219975
0.237074
0.441919
0.664358
0.595142
0.56227
0.631207
0.56227
0.277739
0.320544
0.411615
0.541784
0.586716
0.630366
0.504708
0.504708
0.259331
0.4496
0.501319
0.586716
0.586716
0.4496
0.504708
0.4496
0.438457
0.656444
0.773235
0.773235
0.773235
0.711505
0.818512
0.773235
0.818512
0.773235
0.193304
0.289746
0.237074
0.289746
0.258067
0.341044
0.286411
0.289746
0.341044
0.341044
0.237074
0.280422
0.237074
0.219975
0.289746
0.148601
0.1928
0.286411
0.33399
0.2462
0.321502
0.4655
0.646569
0.376894
0.350981
0.327977
0.273444
0.339822
0.321502
0.376894
0.253146
0.183359
0.321502
0.321502
0.440029
0.376894
0.327977
0.314637
0.342594
0.573975
0.432723
0.376894
0.573975
0.376894
0.188803
0.265605
0.252179
0.239705
0.495906
0.265605
0.198821
0.23337
0.306196
0.23337
0.361643
0.239705
0.139035
0.239705
0.265605
0.198821
0.114119
0.210033
0.188943
0.310892
0.188943
0.156493
0.186277
0.21397
0.440399
0.385235
0.333444
0.304667
0.304667
0.576764
0.304667
0.333444
0.461005
0.304667
0.0970703
0.128414
0.128414
0.128414
0.128414
0.128414
0.452143
0.595871
0.221697
0.452143
0.61868
0.658381
0.641753
0.61128
0.789267
0.61128
0.61868
0.623653
0.623653
0.459175
0.381202
0.643124
0.643124
0.431601
0.720984
0.643124
0.201484
0.425477
0.381202
0.400422
0.425477
0.598549
0.331629
0.720984
0.459175
0.767162
0.425477
0.381202
0.381202
0.441416
0.400422
0.443196
0.331629
0.269923
0.505109
0.508363
0.41058
0.53927
0.452183
0.488591
0.256108
0.415843
0.643436
0.420504
0.490955
0.42632
0.42632
0.415843
0.415843
0.53927
0.415843
0.420504
0.378115
0.197114
0.41058
0.420504
0.458413
0.420504
0.420504
0.33659
0.490955
0.420504
0.300112
0.415843
0.420504
0.490955
0.743313
0.905299
0.722052
0.836597
0.905299
0.888258
0.718035
0.733227
0.37393
0.733227
0.9361
0.670796
0.718035
0.749198
0.625261
0.574933
0.658707
0.827047
0.653457
0.629275
0.553758
0.767002
0.799538
0.827047
0.743434
0.384174
0.67296
0.767002
0.653259
0.837514
0.67296
0.67296
0.328013
0.412571
0.221077
0.157641
0.385235
0.376035
0.364667
0.304667
0.878711
0.901224
0.857033
0.89472
0.89472
0.857033
0.857033
0.935341
0.49558
0.852718
0.328013
0.304667
0.385235
0.601215
0.36438
0.21397
0.434533
0.576764
0.213816
0.36438
0.306688
0.309085
0.447443
0.304667
0.440399
0.304667
0.304667
0.521947
0.0512651
0.333444
0.440399
0.0512651
0.521947
0.0512651
0.45967
0.440399
0.36438
0.574933
0.507585
0.749761
0.765553
0.661132
0.593106
0.860206
0.481752
0.29208
0.323181
0.314966
0.434819
0.434819
0.148836
0.382831
0.176532
0.354111
0.247012
0.0732588
0.148836
0.518072
0.372898
0.380919
0.292903
0.292903
0.342879
0.334336
0.473766
0.380919
0.53529
0.28161
0.373802
0.380919
0.508453
0.298641
0.429532
0.277153
0.380919
0.408713
0.518072
0.372898
0.373802
0.53529
0.369527
0.298641
0.380919
0.380919
0.142675
0.380919
0.298641
0.518072
0.392218
0.237126
0.372898
0.380919
0.58796
0.329267
0.298641
0.380919
0.298641
0.165987
0.0965701
0.165987
0.0458728
0.160161
0.171121
0.142204
0.171121
0.0639945
0.171121
0.343129
0.165987
0.297558
0.171121
0.024665
0.171121
0.165987
0.165987
0.238911
0.152413
0.0458728
0.273557
0.171121
0.171121
0.142204
0.152413
0.210422
0.171121
0.0458728
0.171121
0.273557
0.152413
0.0458728
0.125421
0.152413
0.125421
0.447443
0.447443
0.45967
0.494095
0.461005
0.434533
0.447443
0.385235
0.304667
0.447443
0.45967
0.385235
0.36438
0.494095
0.385235
0.385235
0.412571
0.412571
0.45967
0.229409
0.412571
0.447443
0.36438
0.333444
0.364667
0.440399
0.328013
0.333444
0.434533
0.532445
0.45967
0.521947
0.412571
0.45967
0.412571
0.221077
0.221077
0.333444
0.36438
0.333444
0.429089
0.364667
0.157641
0.333444
0.213816
0.440399
0.306688
0.0512651
0.412571
0.45967
0.304667
0.434533
0.447443
0.333444
0.306688
0.385235
0.306688
0.364667
0.325374
0.304667
0.440399
0.494095
0.304667
0.256002
0.333444
0.447443
0.229409
0.579619
0.352303
0.561925
0.466091
0.474718
0.400036
0.485024
0.485024
0.466091
0.607363
0.466091
0.579619
0.425264
0.345337
0.466091
0.579619
0.37149
0.295847
0.493806
0.541047
0.765553
0.765553
0.765553
0.723368
0.658707
0.629275
0.837514
0.67296
0.593106
0.881883
0.881883
0.384174
0.765553
0.723368
0.661132
0.743434
0.881883
0.696989
0.723368
0.67296
0.827047
0.743434
0.653259
0.661132
0.661132
0.708755
0.765553
0.569144
0.767002
0.661132
0.708755
0.67296
0.749761
0.799538
0.661132
0.881883
0.661132
0.551943
0.43248
0.350017
0.350017
0.43248
0.650283
0.43248
0.423461
0.469902
0.423461
0.469902
0.365013
0.350017
0.40156
0.423461
0.345558
0.316481
0.337619
0.316481
0.337619
0.316481
0.277739
0.384718
0.316481
0.384265
0.138825
0.369412
0.211342
0.211342
0.218612
0.190325
0.345603
0.218612
0.211342
0.105916
0.210425
0.218612
0.345603
0.237979
0.303647
0.218612
0.194384
0.303647
0.173287
0.190325
0.138825
0.190842
0.226824
0.248145
0.138825
0.345603
0.218612
0.369412
0.369412
0.218612
0.0862894
0.408096
0.137274
0.297558
0.236975
0.0830886
0.152413
0.0965701
0.0458728
0.408096
0.176429
0.171121
0.171121
0.408096
0.179439
0.171121
0.308403
0.389558
0.662223
0.492695
0.58199
0.146021
0.202162
0.23375
0.352144
0.174169
0.174169
0.202162
0.208177
0.202162
0.485903
0.590607
0.67189
0.590607
0.575907
0.62452
0.594515
0.591033
0.652107
0.485903
0.575907
0.590607
0.62452
0.575907
0.659219
0.277735
0.636587
0.590607
0.608313
0.508605
0.646318
0.590607
0.590607
0.355123
0.402274
0.456194
0.595857
0.61545
0.601805
0.730264
0.402274
0.449867
0.402274
0.339522
0.61545
0.327674
0.4818
0.552765
0.355123
0.4818
0.355123
0.61545
0.524019
0.402274
0.549472
0.50369
0.138314
0.402274
0.595857
0.402274
0.21397
0.447443
0.213506
0.385235
0.447443
0.36438
0.21397
0.21397
0.221077
0.229409
0.576764
0.440399
0.412571
0.36438
0.21397
0.0900359
0.461005
0.304667
0.256002
0.385235
0.553758
0.67296
0.67296
0.661132
0.684132
0.837514
0.481752
0.67296
0.881883
0.67296
0.743434
0.661132
0.767002
0.67296
0.569144
0.708755
0.67296
0.767002
0.827047
0.684132
0.708755
0.507585
0.881883
0.789503
0.275385
0.413195
0.275385
0.508956
0.438457
0.577509
0.781821
0.781821
0.546925
0.6294
0.748274
0.577509
0.677333
0.749896
0.801518
0.736996
0.620721
0.248739
0.438457
0.711781
0.577509
0.386306
0.31421
0.349748
0.314966
0.0732588
0.176532
0.148836
0.323181
0.31421
0.349748
0.281953
0.349748
0.217655
0.23628
0.349748
0.247012
0.247012
0.310081
0.236251
0.176532
0.349748
0.247012
0.23628
0.176532
0.354111
0.434819
0.354111
0.236251
0.793626
0.819507
0.797569
0.641654
0.673728
0.791113
0.797569
0.765457
0.724756
0.791113
0.734377
0.738419
0.784214
0.738419
0.655586
0.56774
0.797569
0.797569
0.621501
0.727351
0.575189
0.556691
0.591096
0.591096
0.623653
0.427469
0.52283
0.556691
0.575189
0.509194
0.511615
0.435695
0.52283
0.435695
0.435695
0.511615
0.556691
0.575189
0.517693
0.485571
0.591096
0.611255
0.596126
0.575189
0.367858
0.509194
0.517693
0.575189
0.499575
0.574841
0.578226
0.517693
0.41554
0.575189
0.485571
0.41744
0.367858
0.596126
0.485571
0.578226
0.360417
0.548533
0.517693
0.484271
0.517693
0.395294
0.542612
0.530969
0.485571
0.41554
0.419791
0.556691
0.518296
0.484271
0.578226
0.688482
0.41744
0.419791
0.596126
0.509194
0.505097
0.735075
0.688482
0.485571
0.557405
0.611255
0.767002
0.749761
0.684132
0.661132
0.658707
0.553758
0.772654
0.9361
0.772654
0.718035
0.696666
0.718035
0.76529
0.733227
0.699794
0.696666
0.9361
0.504708
0.57924
0.416794
0.411615
0.57924
0.353361
0.516685
0.411615
0.504708
0.456203
0.472691
0.57924
0.4496
0.409804
0.218612
0.226824
0.190842
0.602127
0.397695
0.594651
0.390907
0.397695
0.212132
0.602127
0.724731
0.363981
0.352144
0.23375
0.135724
0.382872
0.202162
0.285648
0.202162
0.208347
0.23375
0.146021
0.202162
0.156366
0.23375
0.174169
0.312532
0.193887
0.202162
0.231118
0.202162
0.312532
0.208347
0.312532
0.363226
0.174169
0.23375
0.948262
0.870503
0.813578
0.839606
0.823138
0.810068
0.875376
0.875376
0.813578
0.810068
0.862979
0.80764
0.693503
0.875376
0.862979
0.839606
0.923058
0.7126
0.823138
0.647399
0.802383
0.9361
0.722052
0.772654
0.699794
0.758977
0.798136
0.566629
0.905299
0.521947
0.306688
0.304667
0.304667
0.364667
0.45967
0.576764
0.364667
0.333444
0.213816
0.304667
0.38187
0.38187
0.26053
0.26053
0.335394
0.452138
0.335394
0.341733
0.220694
0.509817
0.396889
0.262716
0.341733
0.341733
0.341733
0.220694
0.324154
0.335394
0.324154
0.335394
0.19735
0.515513
0.341733
0.220694
0.754491
0.666989
0.6374
0.722976
0.666989
0.676137
0.722976
0.700228
0.754491
0.766689
0.469902
0.563663
0.746834
0.563663
0.705683
0.746834
0.563663
0.68243
0.754491
0.643326
0.6374
0.597414
0.700228
0.643326
0.773213
0.68243
0.746834
0.672464
0.754491
0.746834
0.756056
0.554855
0.695292
0.705683
0.643326
0.676137
0.619473
0.619473
0.787525
0.695292
0.754491
0.643326
0.561368
0.722976
0.666989
0.554855
0.619473
0.714776
0.387794
0.693864
0.666989
0.756056
0.709871
0.720984
0.598549
0.608858
0.255848
0.598549
0.129675
0.643124
0.425477
0.544078
0.643124
0.414929
0.369412
0.345603
0.105916
0.190325
0.26547
0.28658
0.218612
0.173287
0.226824
0.211342
0.218612
0.226824
0.190842
0.337348
0.353257
0.449278
0.403541
0.47908
0.276598
0.353869
0.542829
0.353257
0.476772
0.353257
0.288077
0.353257
0.353257
0.420349
0.353869
0.419585
0.353257
0.338271
0.444699
0.398833
0.39009
0.516893
0.466785
0.601005
0.520705
0.75678
0.659995
0.855918
0.880248
0.826588
0.334102
0.740269
0.740269
0.858865
0.803925
0.638173
0.803798
0.818533
0.740269
0.798075
0.75678
0.804852
0.708702
0.695507
0.858865
0.75678
0.858865
0.740269
0.740269
0.659995
0.695507
0.803798
0.75678
0.810705
0.740269
0.834796
0.803798
0.655948
0.751481
0.68738
0.752123
0.68356
0.68738
0.759678
0.706572
0.706572
0.759678
0.67259
0.67259
0.68738
0.752123
0.750616
0.67259
0.580606
0.759678
0.757001
0.568541
0.68738
0.659468
0.568541
0.557716
0.401383
0.322217
0.382805
0.448671
0.35628
0.421461
0.448671
0.382805
0.448671
0.401383
0.421461
0.401383
0.448671
0.401383
0.459128
0.384768
0.35628
0.165348
0.35628
0.232089
0.421461
0.448671
0.543163
0.827047
0.708755
0.684132
0.528144
0.860206
0.789503
0.661132
0.881883
0.481752
0.767002
0.384174
0.661132
0.900394
0.661132
0.81014
0.767002
0.827047
0.767002
0.481752
0.684132
0.711873
0.574933
0.7635
0.827047
0.593106
0.593106
0.661132
0.684132
0.507585
0.827047
0.708755
0.827047
0.827047
0.723368
0.881883
0.827047
0.569144
0.905299
0.870007
0.836597
0.718035
0.749198
0.817066
0.893388
0.836597
0.518865
0.135686
0.171803
0.813709
0.776303
0.430402
0.656036
0.775439
0.883993
0.821999
0.754201
0.823151
0.737032
0.883993
0.821999
0.752507
0.737032
0.856035
0.732455
0.775439
0.729622
0.825657
0.775439
0.8066
0.754201
0.823151
0.825657
0.685098
0.752507
0.774951
0.929764
0.862374
0.823018
0.737032
0.752507
0.754201
0.823151
0.914931
0.752507
0.568624
0.825657
0.714222
0.256544
0.777532
0.737032
0.8066
0.774951
0.701029
0.737032
0.775137
0.754201
0.729622
0.78981
0.752507
0.200705
0.302749
0.217655
0.254985
0.220928
0.230779
0.237627
0.237627
0.237627
0.286908
0.261656
0.296229
0.220928
0.224269
0.230779
0.181744
0.155664
0.200705
0.254549
0.165445
0.237627
0.147829
0.358215
0.251814
0.286122
0.24493
0.237627
0.301216
0.43156
0.335304
0.407684
0.407684
0.407684
0.335304
0.28984
0.423447
0.292214
0.621065
0.359065
0.607561
0.270446
0.344214
0.423447
0.520138
0.301216
0.607561
0.28984
0.335304
0.344214
0.41195
0.479271
0.377939
0.344214
0.621065
0.535258
0.607561
0.335304
0.28984
0.543795
0.282451
0.621065
0.344214
0.527501
0.335304
0.282451
0.28984
0.28984
0.28984
0.344214
0.28984
0.28984
0.520138
0.377939
0.535258
0.270446
0.407684
0.344214
0.419263
0.607561
0.41195
0.28984
0.525877
0.621065
0.28984
0.292214
0.0787284
0.0436348
0.210601
0.0632519
0.119906
0.230875
0.128414
0.126092
0.210052
0.128414
0.528144
0.7635
0.593106
0.789503
0.684132
0.684132
0.708755
0.881883
0.684132
0.349748
0.434819
0.31421
0.323181
0.236251
0.0809674
0.236251
0.292323
0.881883
0.765553
0.7635
0.881883
0.481752
0.881883
0.881883
0.528144
0.81014
0.684132
0.653259
0.749761
0.507585
0.827047
0.765553
0.708755
0.881883
0.661132
0.881883
0.881883
0.81014
0.67296
0.827047
0.860206
0.67296
0.553758
0.574933
0.723368
0.881883
0.789503
0.881883
0.574933
0.720984
0.720984
0.720984
0.608858
0.361273
0.269923
0.459175
0.361273
0.255848
0.347919
0.720984
0.425477
0.400285
0.608858
0.425477
0.201484
0.201484
0.536265
0.333157
0.381301
0.357946
0.360635
0.435427
0.360635
0.751885
0.62452
0.636587
0.590607
0.67189
0.590607
0.636587
0.636587
0.731784
0.594515
0.62452
0.594515
0.62452
0.62452
0.508605
0.590607
0.380126
0.76065
0.731784
0.380126
0.636587
0.706162
0.380126
0.706996
0.594515
0.465344
0.636587
0.636587
0.575907
0.691556
0.310045
0.11475
0.343659
0.264632
0.310045
0.310045
0.264632
0.358503
0.309734
0.423829
0.488102
0.487718
0.270151
0.523986
0.423829
0.423829
0.393404
0.375184
0.270151
0.423829
0.487718
0.439995
0.464363
0.439995
0.450444
0.216511
0.423829
0.464363
0.495724
0.487718
0.477259
0.50623
0.423829
0.237074
0.33399
0.280422
0.237074
0.258067
0.25096
0.193304
0.237074
0.1928
0.289746
0.1928
0.237074
0.246023
0.237074
0.237074
0.237074
0.199672
0.287989
0.1928
0.341044
0.202162
0.312532
0.117454
0.363484
0.231118
0.202162
0.208177
0.23375
0.47224
0.231118
0.197132
0.202162
0.312532
0.208347
0.0719394
0.202162
0.208347
0.363484
0.23375
0.174169
0.23375
0.363226
0.174169
0.117454
0.23375
0.174169
0.202162
0.0883045
0.148122
0.0883045
0.0791774
0.310952
0.425477
0.443196
0.347919
0.269923
0.414929
0.375611
0.425477
0.400422
0.505109
0.425477
0.643124
0.400422
0.608858
0.381202
0.425477
0.431601
0.595248
0.126364
0.347919
0.381202
0.608858
0.525231
0.767162
0.414929
0.720984
0.598549
0.425477
0.361273
0.720984
0.643124
0.306688
0.412571
0.304667
0.21397
0.284547
0.346158
0.194582
0.286533
0.284961
0.286533
0.286533
0.313894
0.169432
0.262558
0.571159
0.490604
0.394717
0.44189
0.413195
0.110367
0.306688
0.440995
0.7635
0.767002
0.661132
0.90128
0.723368
0.7635
0.723368
0.881883
0.593106
0.881883
0.767002
0.708755
0.827047
0.661132
0.67296
0.881883
0.684132
0.723368
0.684132
0.653457
0.81014
0.661132
0.661132
0.661132
0.593106
0.67296
0.723368
0.684132
0.684132
0.7635
0.743434
0.765553
0.723368
0.799538
0.658707
0.723368
0.7635
0.860206
0.7635
0.67296
0.553758
0.723368
0.324447
0.743434
0.7635
0.722028
0.750422
0.628389
0.833789
0.680863
0.768512
0.621284
0.61463
0.518238
0.655405
0.630089
0.356813
0.80618
0.621284
0.751885
0.707048
0.595404
0.680863
0.630089
0.634164
0.61463
0.356813
0.751885
0.630089
0.595404
0.634164
0.634164
0.707048
0.292104
0.634164
0.693998
0.716105
0.634164
0.51989
0.743434
0.507585
0.900394
0.765553
0.767002
0.593106
0.743434
0.7635
0.881883
0.881883
0.765553
0.765553
0.767002
0.661132
0.743434
0.569144
0.661132
0.7635
0.767002
0.749761
0.708755
0.81014
0.749761
0.881883
0.743434
0.881883
0.67296
0.661132
0.684132
0.564509
0.569404
0.337223
0.598803
0.598803
0.394053
0.527312
0.598803
0.598803
0.548313
0.337223
0.650001
0.564509
0.598803
0.618987
0.577238
0.548313
0.598803
0.461074
0.598803
0.598803
0.650001
0.527312
0.569404
0.453133
0.257266
0.716665
0.598803
0.598803
0.598803
0.650001
0.598803
0.598803
0.717287
0.564509
0.598803
0.598803
0.542399
0.548313
0.548313
0.577238
0.717748
0.671761
0.598803
0.717287
0.704974
0.548313
0.453133
0.717287
0.598803
0.542399
0.418208
0.577238
0.69797
0.655764
0.614529
0.556654
0.655764
0.67572
0.698368
0.655764
0.655764
0.816447
0.69797
0.765553
0.67296
0.481752
0.553758
0.708755
0.765553
0.76004
0.76004
0.757057
0.757057
0.769433
0.71796
0.410527
0.77911
0.71796
0.71796
0.743926
0.678992
0.68496
0.627101
0.8066
0.8066
0.732455
0.754201
0.8066
0.754201
0.821999
0.732455
0.754201
0.752507
0.741993
0.737032
0.752507
0.70944
0.737032
0.672301
0.431601
0.414929
0.720984
0.720984
0.229409
0.440399
0.45967
0.0512651
0.593106
0.860206
0.16634
0.767002
0.553758
0.331629
0.400422
0.269923
0.643124
0.505109
0.381202
0.643124
0.608858
0.608858
0.822094
0.87542
0.876476
0.928708
0.76056
0.331629
0.400422
0.598549
0.381202
0.361273
0.129675
0.361273
0.381202
0.441416
0.381202
0.201484
0.598549
0.361273
0.699794
0.815011
0.9361
0.76529
0.699794
0.9361
0.665838
0.856184
0.753547
0.699255
0.665838
0.654718
0.724295
0.684921
0.140306
0.225951
0.215884
0.219212
0.113364
0.342699
0.212696
0.229409
0.304667
0.213816
0.532445
0.161739
0.408591
0.161739
0.100876
0.272917
0.289612
0.256532
0.461985
0.457256
0.459566
0.671881
0.578985
0.447465
0.416825
0.457256
0.457256
0.256532
0.256532
0.608434
0.520201
0.319861
0.416825
0.671881
0.513391
0.461985
0.319861
0.461985
0.461985
0.0721025
0.482499
0.139175
0.152295
0.210242
0.202429
0.139175
0.139175
0.139175
0.139175
0.152295
0.139175
0.299216
0.139175
0.176827
0.139175
0.137077
0.171
0.0500107
0.152295
0.139175
0.243089
0.139175
0.137077
0.137077
0.152295
0.137077
0.104602
0.481044
0.294893
0.385844
0.294893
0.589571
0.256108
0.420504
0.3888
0.490955
0.378115
0.300112
0.305092
0.306848
0.280694
0.305092
0.314768
0.405407
0.314768
0.306848
0.314768
0.189064
0.306848
0.263415
0.45967
0.494095
0.333444
0.304667
0.447443
0.304667
0.304667
0.733227
0.870007
0.76689
0.76529
0.870007
0.836597
0.733227
0.9361
0.9361
0.817066
0.699794
0.772654
0.870007
0.905299
0.733227
0.836597
0.696666
0.696666
0.9361
0.905299
0.9361
0.743313
0.815011
0.76529
0.772654
0.670796
0.718035
0.772654
0.9361
0.836597
0.749198
0.9361
0.772654
0.696666
0.718035
0.772654
0.718035
0.870007
0.772654
0.699794
0.625261
0.743313
0.670796
0.772654
0.772654
0.9361
0.755585
0.758977
0.817066
0.772654
0.45967
0.494095
0.45967
0.304667
0.304667
0.295463
0.461966
0.237356
0.893388
0.772654
0.870007
0.836597
0.566629
0.888258
0.418776
0.905299
0.76529
0.870007
0.733227
0.824249
0.870007
0.870007
0.9361
0.696666
0.9361
0.696666
0.696666
0.836597
0.696666
0.566629
0.836597
0.418776
0.81014
0.789503
0.825469
0.856035
0.823151
0.883993
0.701029
0.659556
0.592895
0.256544
0.856035
0.70944
0.775439
0.8066
0.775439
0.656036
0.775439
0.821999
0.737032
0.754201
0.929764
0.737032
0.659556
0.777532
0.737032
0.825469
0.830635
0.823151
0.825657
0.701767
0.754201
0.737032
0.737032
0.659556
0.701767
0.862374
0.635905
0.754201
0.774951
0.701029
0.774951
0.714222
0.50376
0.380919
0.380919
0.380919
0.269336
0.392218
0.408713
0.342879
0.50376
0.421384
0.408713
0.237126
0.518072
0.380919
0.473766
0.277153
0.298641
0.408713
0.237126
0.372898
0.536
0.329267
0.53529
0.380919
0.142204
0.408096
0.152413
0.171121
0.76529
0.836597
0.9361
0.733227
0.772654
0.905299
0.85846
0.37393
0.733227
0.566629
0.718035
0.76529
0.817066
0.625261
0.743313
0.672301
0.621284
0.696576
0.816209
0.837435
0.795407
0.816209
0.816716
0.784123
0.784123
0.816716
0.784123
0.784123
0.801927
0.431601
0.720984
0.361273
0.129675
0.431601
0.381202
0.425477
0.381202
0.425477
0.381202
0.598549
0.431601
0.608858
0.414929
0.643124
0.552087
0.541884
0.401208
0.509713
0.352671
0.503865
0.503865
0.509713
0.552087
0.552087
0.638225
0.422899
0.650475
0.720984
0.400422
0.381202
0.381202
0.521947
0.520406
0.521947
0.45967
0.157641
0.304667
0.304667
0.461005
0.576764
0.447443
0.447443
0.434533
0.304667
0.304667
0.325374
0.434533
0.827513
0.221077
0.213693
0.207443
0.300887
0.168791
0.184851
0.168791
0.139443
0.160676
0.166364
0.300714
0.630366
0.586716
0.416794
0.630366
0.472691
0.504708
0.630366
0.4496
0.429011
0.552087
0.563145
0.491303
0.5752
0.527721
0.800403
0.610556
0.262254
0.485862
0.485862
0.485862
0.437279
0.553758
0.860206
0.658707
0.684132
0.661132
0.553758
0.860206
0.661132
0.765553
0.653259
0.684132
0.593106
0.653457
0.661132
0.860206
0.765553
0.765553
0.799538
0.653259
0.661132
0.661132
0.67296
0.837514
0.684132
0.90128
0.67296
0.661132
0.684132
0.661132
0.653457
0.754201
0.737032
0.825469
0.825657
0.8066
0.821999
0.752507
0.701029
0.752507
0.881883
0.860206
0.661132
0.661132
0.767002
0.881883
0.708755
0.881883
0.799538
0.827047
0.881883
0.827047
0.827047
0.708755
0.708755
0.860206
0.708755
0.765553
0.81014
0.827047
0.767002
0.67296
0.860206
0.827047
0.67296
0.67296
0.661132
0.16634
0.684132
0.593106
0.827047
0.16634
0.67296
0.521947
0.521947
0.440399
0.532445
0.36438
0.221077
0.36438
0.440399
0.440399
0.461005
0.447443
0.333444
0.827513
0.333444
0.256002
0.23375
0.202162
0.23375
0.363226
0.363484
0.382872
0.312532
0.363226
0.202162
0.382872
0.155151
0.202162
0.202162
0.23375
0.202162
0.117454
0.202162
0.202162
0.363484
0.202162
0.574367
0.340768
0.605385
0.484397
0.643597
0.714393
0.60656
0.484397
0.416441
0.484397
0.11658
0.363484
0.168369
0.0719394
0.312532
0.426528
0.208347
0.363226
0.382872
0.156366
0.300233
0.208347
0.0636572
0.197132
0.146021
0.288351
0.749896
0.832726
0.577509
0.781821
0.577509
0.546925
0.80618
0.702061
0.680863
0.676425
0.712855
0.356813
0.751885
0.459628
0.211342
0.243998
0.190842
0.354156
0.136208
0.190325
0.303647
0.26547
0.26547
0.218612
0.226824
0.190842
0.119298
0.226824
0.218612
0.173287
0.173287
0.28658
0.190842
0.190842
0.243998
0.190325
0.173287
0.218612
0.190325
0.211342
0.190842
0.207464
0.0899441
0.303647
0.138825
0.211342
0.190325
0.369412
0.303647
0.226824
0.119298
0.218612
0.291792
0.109891
0.193198
0.265747
0.304278
0.374103
0.428611
0.265747
0.458068
0.193198
0.199189
0.364506
0.277639
0.199189
0.255718
0.180037
0.238611
0.255718
0.276571
0.211645
0.255718
0.102605
0.393397
0.191393
0.206661
0.191393
0.196225
0.102605
0.19034
0.364667
0.304667
0.304667
0.10555
0.137077
0.137077
0.243089
0.243089
0.139175
0.196406
0.842595
0.634164
0.704493
0.457264
0.676425
0.712855
0.68779
0.4496
0.586716
0.578092
0.675239
0.586716
0.4496
0.4496
0.601591
0.501632
0.4496
0.416794
0.663826
0.937385
0.852718
0.861293
0.814571
0.839856
0.762172
0.89472
0.839856
0.512731
0.289746
0.346655
0.301808
0.237074
0.237074
0.1928
0.404055
0.286908
0.302749
0.0847258
0.254549
0.237627
0.251814
0.165445
0.237627
0.730457
0.304667
0.289007
0.440399
0.730457
0.494095
0.304667
0.304667
0.304667
0.304667
0.730457
0.304667
0.304667
0.36438
0.45967
0.36438
0.827513
0.229409
0.447443
0.306688
0.304667
0.304667
0.521947
0.304667
0.45967
0.306688
0.304667
0.704493
0.356813
0.865975
0.51989
0.712855
0.865975
0.595404
0.289612
0.181017
0.295573
0.366135
0.202892
0.239212
0.365638
0.289612
0.369591
0.157034
0.202892
0.202892
0.179327
0.239212
0.295573
0.767002
0.67296
0.67296
0.7635
0.574933
0.553758
0.860206
0.90128
0.661132
0.765553
0.653457
0.661132
0.67296
0.67296
0.767002
0.658707
0.765553
0.661132
0.684132
0.661132
0.16634
0.881883
0.67296
0.16634
0.67296
0.90128
0.658707
0.765553
0.684132
0.767002
0.767002
0.658707
0.767002
0.692451
0.479583
0.516522
0.492695
0.472695
0.565493
0.463538
0.473997
0.320777
0.492695
0.565493
0.516522
0.492695
0.751481
0.751481
0.552554
0.75678
0.803798
0.858865
0.819009
0.803925
0.75678
0.751481
0.655948
0.810705
0.170699
0.218899
0.0721829
0.271186
0.21722
0.161756
0.218899
0.227182
0.140734
0.678783
0.922746
0.765375
0.545854
0.678783
0.670232
0.770795
0.765375
0.527425
0.208347
0.448787
0.203565
0.23375
0.312532
0.208347
0.456194
0.61545
0.661132
0.767002
0.461238
0.261884
0.375997
0.216059
0.344795
0.449804
0.344795
0.375997
0.43403
0.579099
0.443196
0.407722
0.0662516
0.407722
0.528468
0.344795
0.449804
0.344795
0.586056
0.665004
0.665004
0.787289
0.719285
0.665004
0.76312
0.780322
0.665004
0.477698
0.665004
0.724037
0.546789
0.665004
0.849182
0.477698
0.510711
0.667703
0.274352
0.665004
0.76312
0.849182
0.42639
0.510006
0.565668
0.507585
0.827047
0.827047
0.653259
0.767002
0.881883
0.708755
0.739037
0.592895
0.823018
0.714222
0.407684
0.407684
0.377939
0.335304
0.344214
0.535258
0.335304
0.377939
0.344214
0.377939
0.335304
0.377939
0.543795
0.527501
0.621065
0.407684
0.463886
0.301216
0.377939
0.419263
0.423447
0.344214
0.335304
0.41195
0.292214
0.569417
0.282451
0.621065
0.827047
0.67296
0.384174
0.723368
0.90128
0.767002
0.658707
0.684132
0.827047
0.658707
0.593106
0.661132
0.723368
0.799538
0.767002
0.658707
0.723368
0.708755
0.684132
0.723368
0.765553
0.708755
0.643124
0.621384
0.536265
0.643124
0.400422
0.269923
0.381202
0.598549
0.414929
0.467979
0.361273
0.425477
0.598549
0.505109
0.361273
0.441416
0.129675
0.643124
0.443196
0.381202
0.720984
0.415096
0.425477
0.505109
0.431601
0.598549
0.361273
0.331629
0.361273
0.595248
0.347919
0.758001
0.67675
0.765361
0.735935
0.560752
0.792388
0.662614
0.792388
0.714393
0.484397
0.574367
0.484397
0.484397
0.574367
0.484397
0.511088
0.60656
0.484397
0.575279
0.511091
0.484733
0.60656
0.511088
0.574367
0.574367
0.546236
0.546236
0.484397
0.749761
0.827047
0.723368
0.661132
0.661132
0.491534
0.506303
0.369665
0.266515
0.491534
0.506303
0.51135
0.401802
0.414923
0.417481
0.369665
0.266515
0.369665
0.506303
0.5197
0.76689
0.870007
0.888258
0.772654
0.772654
0.836597
0.755585
0.905299
0.625261
0.733227
0.76529
0.566629
0.76529
0.743313
0.76529
0.9361
0.434533
0.440399
0.36438
0.333444
0.272606
0.231118
0.336519
0.288351
0.197132
0.312532
0.288351
0.202162
0.190842
0.210425
0.345603
0.218612
0.218612
0.190325
0.661132
0.827047
0.16634
0.661132
0.661132
0.838693
0.684132
0.827047
0.860206
0.661132
0.593106
0.658707
0.684132
0.553758
0.799538
0.767002
0.653259
0.708755
0.16634
0.684132
0.684132
0.333444
0.125909
0.188831
0.807786
0.874758
0.873732
0.777536
0.827515
0.82608
0.872609
0.832614
0.846741
0.835889
0.888258
0.670796
0.718035
0.699794
0.836597
0.696666
0.76529
0.836597
0.815011
0.905299
0.905299
0.733227
0.772654
0.836597
0.749198
0.492241
0.815011
0.76689
0.9361
0.696666
0.442007
0.580659
0.328621
0.265935
0.603763
0.204912
0.369846
0.54395
0.840771
0.74059
0.766604
0.766604
0.772654
0.768469
0.905299
0.905299
0.625261
0.743313
0.9361
0.670796
0.202162
0.203565
0.202162
0.203565
0.0636572
0.363226
0.202162
0.145307
0.218612
0.243998
0.218612
0.218612
0.194384
0.226824
0.0883045
0.148788
0.310952
0.310952
0.0791774
0.289928
0.0883045
0.304667
0.385235
0.521947
0.494095
0.256002
0.67296
0.827047
0.827047
0.653259
0.860206
0.553758
0.767002
0.661132
0.528144
0.908362
0.553758
0.425477
0.425477
0.608858
0.331629
0.414929
0.425477
0.608858
0.598549
0.414929
0.598549
0.441416
0.425477
0.425477
0.643124
0.126364
0.818533
0.819009
0.901039
0.777613
0.880248
0.844957
0.855918
0.818533
0.75678
0.638173
0.818533
0.777613
0.75678
0.858865
0.75678
0.858865
0.312532
0.231118
0.363484
0.363226
0.288351
0.23375
0.126778
0.231118
0.202162
0.203565
0.146021
0.313909
0.208347
0.194786
0.202162
0.765553
0.67296
0.7635
0.653259
0.684132
0.765553
0.749761
0.67296
0.661132
0.61545
0.506303
0.406911
0.485706
0.506303
0.407903
0.627606
0.543274
0.512827
0.516147
0.336908
0.680863
0.696576
0.696576
0.678825
0.61463
0.579318
0.649813
0.579318
0.585719
0.703168
0.703168
0.410586
0.703168
0.554977
0.585719
0.506169
0.68371
0.654646
0.410586
0.591261
0.579318
0.585719
0.37057
0.649254
0.585719
0.591261
0.831091
0.725078
0.703168
0.725078
0.37057
0.819211
0.629518
0.819211
0.589142
0.685829
0.682588
0.685829
0.676012
0.727615
0.676012
0.779396
0.598039
0.382872
0.312532
0.312532
0.193887
0.363226
0.382872
0.117454
0.23375
0.312532
0.402274
0.598223
0.456194
0.402274
0.327674
0.567719
0.61545
0.601805
0.50369
0.449867
0.67296
0.347919
0.331629
0.425477
0.414929
0.608858
0.431601
0.400422
0.361273
0.7635
0.67296
0.772654
0.772654
0.905299
0.76529
0.9361
0.733227
0.212236
0.402498
0.433497
0.363188
0.433497
0.270643
0.45684
0.408693
0.376768
0.433497
0.376768
0.376768
0.499347
0.0458728
0.0458728
0.171121
0.171121
0.142204
0.171121
0.0862894
0.171121
0.165987
0.171121
0.179439
0.385235
0.304667
0.521947
0.447443
0.229409
0.333444
0.188796
0.45967
0.45967
0.576764
0.198111
0.369031
0.594651
0.594651
0.411158
0.322029
0.723368
0.593106
0.507585
0.684132
0.67296
0.708755
0.658707
0.860206
0.881883
0.799538
0.844957
0.695507
0.827047
0.723368
0.749761
0.67296
0.7635
0.661132
0.684132
0.658707
0.860206
0.789503
0.684132
0.619873
0.358017
0.635074
0.435492
0.311647
0.305515
0.358017
0.6541
0.212506
0.336139
0.444405
0.6541
0.444405
0.336139
0.554243
0.336139
0.492093
0.358017
0.305515
0.550442
0.6541
0.358017
0.425477
0.375611
0.414929
0.414929
0.381202
0.425477
0.361273
0.425477
0.255848
0.720984
0.361273
0.201484
0.595248
0.347919
0.505109
0.400422
0.536265
0.304667
0.304667
0.328013
0.385235
0.447443
0.385235
0.576764
0.447443
0.36438
0.213506
0.0512651
0.304667
0.333444
0.36438
0.333444
0.256002
0.304667
0.304667
0.21397
0.304667
0.304667
0.0512651
0.733227
0.870007
0.718035
0.905299
0.670796
0.749198
0.905299
0.772654
0.76529
0.718035
0.722052
0.718035
0.836597
0.718035
0.718035
0.37393
0.696666
0.772654
0.772654
0.625261
0.9361
0.670796
0.888258
0.696666
0.696666
0.718035
0.221998
0.155374
0.172255
0.176782
0.223194
0.189313
0.223194
0.223194
0.172255
0.0873633
0.155374
0.221998
0.0873633
0.155374
0.276588
0.204851
0.183735
0.204851
0.234697
0.204851
0.23323
0.266571
0.266571
0.257433
0.23323
0.342196
0.204851
0.204851
0.23323
0.740269
0.810705
0.803798
0.858865
0.180088
0.19034
0.240785
0.206661
0.19034
0.210514
0.19034
0.191393
0.150057
0.180088
0.281008
0.229282
0.207166
0.281008
0.23628
0.136308
0.36438
0.385235
0.304667
0.429089
0.333444
0.304667
0.36438
0.213506
0.494095
0.440995
0.304667
0.306688
0.333444
0.730457
0.304667
0.333444
0.440399
0.304667
0.45967
0.385235
0.306688
0.36438
0.447443
0.304667
0.413195
0.472665
0.813455
0.684132
0.767002
0.67296
0.881883
0.708755
0.661132
0.661132
0.553758
0.684132
0.765553
0.684132
0.23628
0.349748
0.930619
0.851838
0.882918
0.887376
0.880587
0.878578
0.882918
0.882918
0.78654
0.851838
0.885304
0.821446
0.80618
0.824151
0.606174
0.702061
0.680863
0.704493
0.702061
0.630089
0.672301
0.621284
0.630089
0.634164
0.702061
0.634164
0.702061
0.333444
0.494095
0.461005
0.229409
0.434533
0.36438
0.309085
0.827513
0.434533
0.304667
0.364667
0.188796
0.21397
0.328013
0.304667
0.434533
0.661132
0.860206
0.661132
0.881883
0.7635
0.653259
0.881883
0.743434
0.574933
0.684132
0.684132
0.501632
0.586716
0.504708
0.504708
0.586716
0.586716
0.578092
0.461081
0.630366
0.472691
0.333444
0.306688
0.440399
0.304667
0.21397
0.309085
0.36438
0.333444
0.333444
0.36438
0.36438
0.243821
0.237356
0.526392
0.155926
0.0835602
0.389923
0.243821
0.351283
0.526392
0.259227
0.237356
0.269666
0.288125
0.281579
0.526392
0.302734
0.526392
0.383447
0.237356
0.461966
0.461966
0.351283
0.237356
0.526392
0.383447
0.40491
0.237356
0.155926
0.385235
0.304667
0.304667
0.36438
0.385235
0.385235
0.723368
0.712894
0.692451
0.741112
0.316737
0.399693
0.443878
0.443878
0.44342
0.177304
0.744626
0.875626
0.744626
0.786822
0.818469
0.471108
0.866367
0.509269
0.680225
0.793066
0.736076
0.680225
0.744626
0.496098
0.866367
0.796121
0.726964
0.424738
0.416441
0.813709
0.51478
0.827047
0.574933
0.708755
0.658707
0.661132
0.881883
0.827047
0.67296
0.905299
0.733227
0.905299
0.76689
0.768469
0.699794
0.699794
0.496594
0.733227
0.712855
0.53154
0.702061
0.865975
0.905299
0.824249
0.888258
0.492241
0.772654
0.661132
0.827047
0.837514
0.661132
0.481752
0.723368
0.765553
0.661132
0.653259
0.799538
0.653259
0.765553
0.827047
0.765553
0.799538
0.67296
0.661132
0.767002
0.661132
0.661132
0.799538
0.767002
0.743434
0.658707
0.603478
0.556169
0.535284
0.416794
0.411615
0.429011
0.630366
0.501632
0.504708
0.218559
0.461081
0.76689
0.718035
0.9361
0.566629
0.696666
0.948109
0.699794
0.485304
0.717156
0.492295
0.201311
0.420689
0.404604
0.376596
0.37563
0.657863
0.376596
0.360606
0.501482
0.426844
0.426844
0.420689
0.492295
0.426844
0.376596
0.203961
0.485304
0.502549
0.589929
0.420689
0.420689
0.749761
0.765553
0.90128
0.767002
0.661132
0.799538
0.868481
0.839856
0.932863
0.861293
0.695485
0.89472
0.857033
0.935341
0.695485
0.79464
0.852718
0.861293
0.866578
0.861293
0.546341
0.483479
0.164056
0.6067
0.540762
0.51975
0.775907
0.540762
0.675547
0.211445
0.0883045
0.0791774
0.45078
0.621384
0.400422
0.381202
0.269923
0.598549
0.494095
0.412571
0.213506
0.447443
0.521947
0.213506
0.434533
0.494095
0.870007
0.893388
0.733227
0.718035
0.836597
0.699794
0.696666
0.815011
0.749198
0.815011
0.696666
0.733227
0.888258
0.718035
0.815011
0.699794
0.905299
0.699794
0.696666
0.860206
0.860206
0.593106
0.67296
0.528144
0.723368
0.881883
0.484919
0.505322
0.702261
0.65408
0.644707
0.505322
0.484919
0.670193
0.61582
0.735171
0.522039
0.505322
0.505322
0.202162
0.202162
0.62452
0.636587
0.76065
0.659219
0.590607
0.590607
0.62452
0.62982
0.465344
0.62452
0.62452
0.636587
0.62452
0.508605
0.636587
0.76065
0.577509
0.749896
0.288351
0.202162
0.363226
0.385235
0.36438
0.440399
0.625183
0.709049
0.709049
0.254549
0.237627
0.385235
0.440399
0.803798
0.655948
0.818533
0.385235
0.737744
0.694301
0.549817
0.818255
0.669651
0.793133
0.549817
0.70257
0.201593
0.366433
0.248138
0.176782
0.155374
0.172255
0.366433
0.172255
0.214819
0.176782
0.221998
0.187158
0.194307
0.248138
0.20481
0.868964
0.744461
0.816303
0.812369
0.762847
0.762847
0.85974
0.344141
0.696092
0.728272
0.713094
0.696092
0.694347
0.694347
0.694347
0.681057
0.672652
0.694347
0.685173
0.694347
0.796751
0.694347
0.599575
0.415694
0.728272
0.85974
0.672652
0.827513
0.601215
0.364667
0.21397
0.447443
0.304667
0.333444
0.827513
0.65514
0.541784
0.541784
0.411615
0.680357
0.501632
0.516685
0.504708
0.218559
0.4496
0.837318
0.65408
0.735171
0.65408
0.579224
0.65408
0.811203
0.641753
0.61868
0.61868
0.684849
0.640662
0.524643
0.369665
0.369665
0.417481
0.369665
0.851384
0.239298
0.235603
0.351155
0.239298
0.369665
0.369665
0.116128
0.403669
0.239298
0.393004
0.562639
0.506303
0.266515
0.290374
0.5197
0.369665
0.369665
0.296825
0.506303
0.369665
0.491534
0.417481
0.239298
0.776457
0.627197
0.776457
0.598333
0.474307
0.55276
0.463346
0.580742
0.598333
0.56188
0.813715
0.649582
0.363484
0.226767
0.146021
0.202162
0.156366
0.156366
0.156366
0.208347
0.336519
0.870007
0.670796
0.353746
0.860206
0.772654
0.9361
0.870007
0.9361
0.772654
0.905299
0.722052
0.76529
0.772654
0.749198
0.817066
0.430927
0.573951
0.430927
0.254819
0.171121
0.304667
0.521947
0.521947
0.521947
0.638225
0.650475
0.661331
0.571694
0.513453
0.6413
0.420506
0.661331
0.503865
0.527653
0.661331
0.509713
0.685755
0.527653
0.418979
0.158532
0.158532
0.201438
0.751759
0.909464
0.817588
0.780682
0.773235
0.780682
0.805154
0.79805
0.0946375
0.0946375
0.131709
0.15759
0.0946375
0.0978415
0.0395391
0.400422
0.425477
0.431601
0.720984
0.414929
0.361273
0.505109
0.516522
0.463653
0.472695
0.629964
0.386174
0.439456
0.677759
0.439456
0.565493
0.572718
0.202741
0.216817
0.345945
0.191689
0.125196
0.202741
0.237258
0.362317
0.177054
0.345945
0.202741
0.266543
0.20329
0.215891
0.189049
0.149337
0.202741
0.177054
0.202741
0.216817
0.210039
0.299163
0.0622582
0.19061
0.210039
0.19061
0.191689
0.345945
0.16872
0.267839
0.377939
0.422228
0.335304
0.422228
0.28984
0.422228
0.335304
0.304667
0.364667
0.333444
0.447443
0.304667
0.494095
0.447443
0.36438
0.304667
0.447443
0.304667
0.333444
0.440399
0.36438
0.484397
0.714393
0.661801
0.656737
0.467116
0.546236
0.467116
0.574367
0.661801
0.484397
0.254557
0.429086
0.184276
0.484733
0.511091
0.429086
0.630089
0.384174
0.67296
0.384174
0.661132
0.799538
0.67296
0.218368
0.531896
0.539043
0.512827
0.627606
0.627606
0.336908
0.718716
0.558638
0.609573
0.567654
0.573043
0.661823
0.464792
0.398975
0.839856
0.626097
0.95138
0.893966
0.695485
0.857033
0.626097
0.49558
0.839856
0.839856
0.806982
0.861293
0.333444
0.45967
0.507644
0.415569
0.696761
0.684132
0.723368
0.765553
0.67296
0.881883
0.505322
0.480297
0.735171
0.735171
0.62452
0.485903
0.590607
0.62452
0.575907
0.62452
0.575907
0.636587
0.575907
0.62452
0.756252
0.304667
0.304667
0.304667
0.484919
0.0883045
0.765553
0.860206
0.767002
0.16634
0.684132
0.708755
0.860206
0.789503
0.684132
0.702261
0.363855
0.522039
0.484919
0.505322
0.735171
0.860206
0.289612
0.163462
0.366135
0.222753
0.157034
0.179327
0.767002
0.629275
0.553758
0.67296
0.684132
0.684132
0.67296
0.661132
0.574933
0.881883
0.67296
0.799538
0.67296
0.765553
0.684132
0.90128
0.778285
0.811024
0.73584
0.694239
0.727685
0.778447
0.667213
0.490604
0.416539
0.381755
0.813455
0.394717
0.813455
0.344271
0.233816
0.44189
0.416539
0.749198
0.772654
0.802383
0.670796
0.772654
0.699794
0.37393
0.888258
0.749198
0.772654
0.888258
0.798136
0.696666
0.49687
0.416333
0.49687
0.226022
0.460445
0.447443
0.494095
0.304667
0.494095
0.521947
0.21397
0.521947
0.36438
0.45967
0.521947
0.36438
0.447443
0.447443
0.440399
0.447443
0.521947
0.304667
0.507585
0.81014
0.723368
0.658707
0.827047
0.67296
0.7635
0.638408
0.812369
0.660065
0.672728
0.91669
0.97366
0.864765
0.791261
0.507585
0.593106
0.304667
0.304667
0.45967
0.306688
0.803798
0.803798
0.75678
0.818533
0.334102
0.75678
0.742452
0.804852
0.751481
0.44189
0.562825
0.134079
0.508956
0.492725
0.651705
0.381755
0.44189
0.416539
0.413195
0.489272
0.621515
0.484919
0.65408
0.700988
0.484919
0.735171
0.480297
0.444562
0.484919
0.767002
0.881883
0.875376
0.813578
0.923058
0.870503
0.704493
0.356223
0.284745
0.831636
0.859027
0.919536
0.857323
0.844794
0.865718
0.865718
0.77325
0.92538
0.859027
0.857323
0.815011
0.718035
0.9361
0.905299
0.905299
0.772654
0.733227
0.459175
0.608858
0.361273
0.414929
0.255848
0.720984
0.720984
0.361273
0.643124
0.431601
0.643124
0.720984
0.269923
0.331629
0.381202
0.381202
0.361273
0.361273
0.381202
0.643124
0.643124
0.361273
0.720984
0.425477
0.643124
0.381202
0.381202
0.574933
0.827047
0.684132
0.789503
0.593106
0.553758
0.593106
0.553758
0.827047
0.838693
0.67296
0.16634
0.767002
0.658707
0.799538
0.827047
0.653259
0.684132
0.67296
0.67296
0.653457
0.860206
0.16634
0.711873
0.827047
0.584205
0.846259
0.497745
0.802192
0.262366
0.532035
0.263101
0.742806
0.459175
0.126364
0.381202
0.331629
0.347919
0.425477
0.743313
0.574933
0.799538
0.67296
0.684132
0.767002
0.860206
0.684132
0.708755
0.479105
0.640092
0.590144
0.642229
0.658307
0.399776
0.541116
0.542687
0.49485
0.658307
0.48039
0.399776
0.642229
0.375611
0.720984
0.269923
0.375611
0.400422
0.134253
0.213107
0.323181
0.247012
0.223334
0.349748
0.281953
0.290417
0.236251
0.23628
0.349748
0.23628
0.284855
0.349748
0.0732588
0.217655
0.217655
0.217655
0.292323
0.23628
0.23628
0.136308
0.281753
0.698309
0.42115
0.254102
0.893388
0.888258
0.836597
0.722052
0.888258
0.749198
0.9361
0.81014
0.574933
0.593106
0.593106
0.67296
0.661132
0.593106
0.684132
0.81821
0.691181
0.70272
0.691181
0.710578
0.64127
0.572489
0.780434
0.905821
0.817588
0.773235
0.747489
0.88321
0.610753
0.788187
0.851062
0.55512
0.827047
0.684132
0.860206
0.708755
0.723368
0.767002
0.661132
0.67296
0.708755
0.852718
0.884316
0.866559
0.861293
0.49558
0.866531
0.884316
0.866531
0.852718
0.884316
0.684132
0.43403
0.407722
0.661801
0.416441
0.55713
0.511091
0.60656
0.671444
0.656737
0.675422
0.574367
0.675142
0.574367
0.546236
0.484397
0.442384
0.656737
0.643597
0.467116
0.511091
0.429908
0.675422
0.484397
0.340768
0.467116
0.643597
0.775614
0.546236
0.671444
0.414929
0.375611
0.361273
0.643124
0.544078
0.431601
0.431601
0.269923
0.636587
0.380126
0.706162
0.62982
0.76065
0.76065
0.590607
0.768932
0.62452
0.590607
0.508605
0.691556
0.646318
0.731784
0.691556
0.575907
0.772103
0.590607
0.691556
0.277735
0.706162
0.62452
0.731784
0.575907
0.76065
0.377939
0.28984
0.377939
0.377939
0.377939
0.396418
0.416539
0.381755
0.394717
0.562825
0.490604
0.492725
0.275385
0.218612
0.303647
0.138825
0.218612
0.218612
0.243998
0.211342
0.218612
0.354156
0.211342
0.153754
0.740269
0.708702
0.751481
0.742452
0.803798
0.803925
0.803925
0.75678
0.818533
0.832356
0.768498
0.818531
0.847822
0.520406
0.576764
0.304667
0.36438
0.333444
0.21397
0.447443
0.304667
0.385235
0.364667
0.576764
0.36438
0.221077
0.440399
0.461005
0.36438
0.333444
0.789503
0.653457
0.67296
0.67296
0.593106
0.593106
0.67296
0.765553
0.67296
0.684132
0.749761
0.661132
0.767002
0.881883
0.743434
0.658707
0.772654
0.749198
0.718035
0.718035
0.67296
0.900792
0.370131
0.900792
0.900792
0.430402
0.615206
0.370131
0.788949
0.423892
0.43969
0.31421
0.349748
0.23628
0.236251
0.400422
0.598039
0.685829
0.727615
0.669027
0.685829
0.669027
0.727615
0.676012
0.68475
0.801
0.801
0.792338
0.805447
0.812004
0.856346
0.812004
0.839562
0.801
0.836255
0.812004
0.805447
0.40385
0.320691
0.587982
0.433164
0.349605
0.222764
0.587982
0.40385
0.320691
0.345979
0.692451
0.851062
0.711197
0.851062
0.741112
0.741112
0.767002
0.827047
0.767002
0.684132
0.881883
0.494095
0.304667
0.521947
0.304667
0.304667
0.521947
0.562825
0.381755
0.44189
0.416539
0.813455
0.394717
0.381755
0.336519
0.363226
0.202162
0.475973
0.171803
0.137933
0.137933
0.415301
0.827047
0.67296
0.749761
0.658707
0.67296
0.860206
0.708755
0.767002
0.440399
0.36438
0.304667
0.655658
0.63648
0.62134
0.406958
0.453211
0.73965
0.664259
0.524643
0.361535
0.412571
0.36438
0.608858
0.414929
0.643124
0.720984
0.544078
0.720984
0.788949
0.356223
0.67296
0.799538
0.743434
0.553758
0.481752
0.765553
0.765553
0.723368
0.684132
0.579588
0.579588
0.748831
0.64161
0.627139
0.703189
0.732005
0.780171
0.69462
0.498187
0.780432
0.667136
0.748831
0.664959
0.732005
0.732005
0.431791
0.579479
0.579588
0.332946
0.703189
0.748831
0.748831
0.571893
0.765511
0.545727
0.579479
0.484449
0.65408
0.621515
0.426343
0.484919
0.0825469
0.700988
0.484919
0.484919
0.484919
0.447443
0.385235
0.447443
0.333444
0.333444
0.304667
0.333444
0.461005
0.306688
0.333444
0.333444
0.45967
0.221077
0.289007
0.232883
0.232883
0.137933
0.518865
0.16562
0.135686
0.349767
0.349767
0.137933
0.137933
0.170605
0.914401
0.914401
0.652447
0.914401
0.914401
0.369412
0.0794935
0.345603
0.0558935
0.211342
0.210425
0.521947
0.23375
0.336519
0.653457
0.90128
0.661132
0.131607
0.151952
0.0979966
0.089956
0.0867077
0.827513
0.306688
0.213506
0.521947
0.385235
0.664857
0.716514
0.697879
0.731911
0.760098
0.760098
0.643479
0.697879
0.687619
0.351283
0.237356
0.333444
0.520406
0.333444
0.440995
0.36438
0.385235
0.304667
0.21397
0.859043
0.894027
0.894027
0.844913
0.869686
0.859043
0.894027
0.880718
0.871214
0.871214
0.957754
0.871214
0.957754
0.844913
0.684132
0.696666
0.723004
0.662578
0.723004
0.541494
0.684132
0.451286
0.346587
0.403739
0.333503
0.403739
0.685505
0.846259
0.463648
0.611956
0.461112
0.442031
0.532035
0.685505
0.532035
0.888258
0.772654
0.696666
0.684849
0.89174
0.595871
0.641753
0.76689
0.718035
0.718035
0.696666
0.566629
0.749198
0.749198
0.772654
0.566629
0.749198
0.670796
0.749761
0.827047
0.67296
0.661132
0.7635
0.481752
0.749761
0.789503
0.743434
0.434533
0.684132
0.684132
0.789503
0.440399
0.304667
0.45967
0.354111
0.176532
0.323181
0.236251
0.827047
0.629275
0.492608
0.440399
0.45967
0.157641
0.21397
0.576764
0.304667
0.385235
0.629275
0.67296
0.661132
0.684132
0.653259
0.16634
0.593106
0.680863
0.621284
0.53154
0.53154
0.724087
0.818704
0.777868
0.716514
0.766064
0.525207
0.697879
0.724087
0.794799
0.760098
0.716514
0.767002
0.749761
0.767002
0.743434
0.767002
0.67296
0.881883
0.767002
0.767002
0.827047
0.90128
0.67296
0.740269
0.880248
0.751481
0.818533
0.494095
0.304667
0.521947
0.7635
0.67296
0.860206
0.723368
0.574933
0.615865
0.860206
0.684132
0.743181
0.612408
0.627606
0.627606
0.576764
0.823151
0.737032
0.775439
0.659556
0.737032
0.830635
0.566629
0.722052
0.371007
0.564838
0.371007
0.498933
0.671321
0.626652
0.824188
0.593106
0.743434
0.67296
0.658707
0.661132
0.708702
0.72609
0.819009
0.638173
0.448787
0.174169
0.23375
0.117454
0.336519
0.363226
0.202162
0.312532
0.23375
0.0636572
0.174169
0.645593
0.419791
0.611255
0.509194
0.691862
0.418979
0.650475
0.552087
0.552087
0.355256
0.0791774
0.183362
0.0791774
0.0883045
0.310952
0.671803
0.484624
0.740826
0.552776
0.668635
0.722614
0.634147
0.554931
0.661118
0.634147
0.671803
0.588787
0.654237
0.879819
0.484624
0.90128
0.799538
0.723368
0.67296
0.16634
0.767002
0.793133
0.741112
0.669651
0.711197
0.8066
0.825657
0.737032
0.635905
0.754201
0.737032
0.825657
0.701767
0.754201
0.775439
0.701029
0.656036
0.825657
0.775439
0.857033
0.878711
0.852718
0.718035
0.888258
0.67296
0.593106
0.67296
0.67296
0.767002
0.772654
0.836597
0.723368
0.765553
0.827047
0.553758
0.767002
0.723368
0.765553
0.661132
0.593106
0.799538
0.658707
0.16634
0.799538
0.363981
0.269923
0.414929
0.331629
0.572536
0.73095
0.768625
0.381087
0.35362
0.711197
0.642827
0.711197
0.851062
0.851062
0.741112
0.851062
0.21397
0.45967
0.827513
0.0727537
0.191393
0.180088
0.0727537
0.102605
0.19034
0.204912
0.0875648
0.54395
0.42451
0.106161
0.106161
0.208467
0.573975
0.156419
0.503751
0.36913
0.327977
0.327977
0.573975
0.376894
0.957754
0.93941
0.871214
0.894027
0.881883
0.67296
0.384174
0.881883
0.230561
0.0451815
0.230561
0.0853063
0.120506
0.141253
0.137045
0.11658
0.134965
0.553758
0.881883
0.767002
0.767002
0.67296
0.658707
0.765553
0.678825
0.595404
0.702061
0.712855
0.678825
0.630089
0.858865
0.708702
0.388554
0.402274
0.402274
0.458821
0.327674
0.320108
0.397695
0.322029
0.594651
0.434896
0.322029
0.424738
0.60656
0.546236
0.424738
0.484397
0.900792
0.751885
0.881883
0.749761
0.767002
0.765553
0.661132
0.61582
0.61582
0.749761
0.76689
0.447443
0.157641
0.304667
0.229409
0.304667
0.45967
0.414929
0.431601
0.414929
0.201484
0.505109
0.447443
0.221077
0.0512651
0.213506
0.461005
0.571163
0.28658
0.218612
0.309342
0.0558935
0.490604
0.813455
0.416539
0.381755
0.413195
0.416539
0.44315
0.661826
0.243669
0.777441
0.777441
0.448211
0.527643
0.447443
0.333444
0.304667
0.837514
0.827047
0.571163
0.322029
0.363981
0.651705
0.562825
0.182281
0.182281
0.571159
0.57212
0.51989
0.865975
0.702061
0.630089
0.61463
0.55723
0.737966
0.813883
0.6398
0.884316
0.866531
0.626097
0.839856
0.89472
0.857033
0.762172
0.806982
0.845041
0.506303
0.5197
0.28984
0.377939
0.377939
0.423447
0.377939
0.28984
0.137077
0.139175
0.139175
0.196406
0.137077
0.0791774
0.310952
0.0368012
0.0883045
0.0791774
0.0368012
0.11658
0.093676
0.748831
0.545727
0.761103
0.780432
0.672301
0.634164
0.630089
0.636481
0.61697
0.61697
0.538823
0.533908
0.364667
0.157641
0.67296
0.481752
0.708755
0.304667
0.213506
0.304667
0.304667
0.521947
0.304667
0.304667
0.218612
0.218612
0.0883045
0.0883045
0.295463
0.526392
0.526392
0.536141
0.34316
0.451304
0.34316
0.799538
0.765553
0.708755
0.90128
0.799538
0.593106
0.708755
0.684132
0.765553
0.67296
0.743434
0.703189
0.714668
0.489342
0.548804
0.720984
0.624725
0.429287
0.668447
0.686759
0.568283
0.573624
0.568283
0.783078
0.670796
0.696666
0.9361
0.699794
0.765553
0.765553
0.765553
0.384174
0.723368
0.126364
0.595248
0.505109
0.361273
0.400422
0.414929
0.384174
0.384174
0.81014
0.711873
0.126364
0.381202
0.126364
0.201484
0.608858
0.361273
0.255848
0.331629
0.384174
0.653259
0.8066
0.752507
0.8066
0.754201
0.830635
0.732455
0.821999
0.691427
0.270872
0.149641
0.300233
0.363484
0.363226
0.382872
0.413439
0.521947
0.521947
0.304667
0.304667
0.661132
0.860206
0.661132
0.708755
0.67296
0.384174
0.684132
0.553758
0.661132
0.708755
0.661132
0.661132
0.881883
0.304667
0.36438
0.304667
0.521947
0.521947
0.304667
0.188796
0.521947
0.412571
0.304667
0.521947
0.236251
0.236251
0.349748
0.281579
0.526392
0.304667
0.520406
0.532445
0.36438
0.494095
0.304667
0.304667
0.333444
0.188796
0.440399
0.36438
0.369665
0.393004
0.266515
0.393004
0.484919
0.480297
0.621515
0.644707
0.444425
0.482603
0.522039
0.480297
0.734092
0.385844
0.236272
0.880248
0.75678
0.810705
0.75678
0.765553
0.799538
0.553758
0.7635
0.658707
0.16634
0.684132
0.67296
0.658707
0.447443
0.306688
0.304667
0.213506
0.697908
0.731533
0.469091
0.543832
0.675597
0.636653
0.636653
0.171454
0.281008
0.281008
0.206661
0.365991
0.360231
0.342539
0.342539
0.501632
0.656245
0.732005
0.754517
0.765511
0.579479
0.300139
0.502223
0.358017
0.358017
0.562825
0.416539
0.682533
0.415096
0.29954
0.213816
0.576764
0.213506
0.598642
0.271618
0.239705
0.226245
0.239705
0.503591
0.672301
0.720984
0.359255
0.345987
0.221077
0.45967
0.344387
0.467623
0.474896
0.628997
0.474896
0.598301
0.221077
0.221077
0.414929
0.534565
0.608858
0.361273
0.414929
0.431601
0.431601
0.505109
0.505109
0.447443
0.447443
0.304667
0.749198
0.836597
0.696666
0.447443
0.279535
0.521012
0.51989
0.457264
0.720984
0.331629
0.598549
0.720984
0.505109
0.414929
0.439029
0.743434
0.62134
0.595142
0.349605
0.188048
0.465209
0.307897
0.345979
0.465209
0.410497
0.320691
0.587982
0.411579
0.349605
0.307897
0.45967
0.211342
0.26547
0.45967
0.45967
0.154798
0.199672
0.142204
0.171121
0.302256
0.408096
0.408096
0.0341055
0.408096
0.400422
0.608858
0.425477
0.414929
0.381202
0.425477
0.431601
0.381202
0.630089
0.257875
0.145121
0.188309
0.148323
0.0748959
0.837514
0.658707
0.743434
0.765553
0.255718
0.364506
0.498386
0.665221
0.455892
0.308558
0.68116
0.272665
0.306697
0.293943
0.418896
0.288431
0.853787
0.749198
0.37393
0.553758
0.384174
0.827047
0.67296
0.658707
0.593106
0.593106
0.90128
0.799538
0.136308
0.236251
0.236251
0.31421
0.148836
0.281753
0.148836
0.638173
0.638173
0.818533
0.333444
0.306688
0.461005
0.45967
0.540956
0.17161
0.532013
0.491972
0.382319
0.491972
0.316434
0.694427
0.235467
0.565047
0.397695
0.397695
0.345987
0.322029
0.879612
0.687359
0.623653
0.159771
0.231776
0.128414
0.177304
0.183603
0.150898
0.126092
0.0632519
0.376035
0.236251
0.341119
0.0964145
0.45533
0.760161
0.465278
0.0883045
0.137274
0.171121
0.297558
0.408096
0.152413
0.0883045
0.557877
0.0883045
0.11658
0.304667
0.521947
0.385235
0.772654
0.888258
0.772654
0.767002
0.723368
0.760098
0.697879
0.893424
0.268591
0.394304
0.249526
0.436554
0.64455
0.495221
0.691817
0.421833
0.557298
0.180268
0.494984
0.516685
0.675239
0.4496
0.4496
0.680863
0.630089
0.842595
0.51989
0.693998
0.407722
0.696666
0.696666
0.456349
0.521947
0.576764
0.521947
0.661132
0.708755
0.661132
0.445314
0.6362
0.443184
0.443184
0.359639
0.306897
0.445314
0.0809674
0.503865
0.503865
0.744966
0.202892
0.163462
0.179327
0.366135
0.239212
0.173416
0.163462
0.202892
0.366135
0.365029
0.272917
0.365029
0.289612
0.179327
0.179327
0.343348
0.555152
0.514457
0.384448
0.556017
0.568807
0.784919
0.5116
0.555152
0.62988
0.827195
0.506998
0.556017
0.327633
0.481752
0.553743
0.723368
0.827047
0.827047
0.43607
0.412797
0.412797
0.45433
0.205793
0.45433
0.741696
0.630279
0.45433
0.427011
0.42451
0.388562
0.265935
0.44189
0.381755
0.413195
0.304667
0.304667
0.385235
0.328013
0.333444
0.345987
0.390907
0.67296
0.593106
0.767002
0.142204
0.137274
0.45078
0.7635
0.7635
0.67296
0.827047
0.172255
0.658707
0.600918
0.702261
0.532445
0.331629
0.414929
0.381202
0.331629
0.255848
0.229409
0.36438
0.304667
0.447443
0.827513
0.213506
0.304667
0.613864
0.664343
0.62134
0.521947
0.304667
0.36438
0.304667
0.36438
0.521947
0.576764
0.394578
0.236036
0.742452
0.880248
0.306688
0.521947
0.661801
0.416441
0.765553
0.743434
0.593106
0.593106
0.827047
0.765553
0.767002
0.699794
0.772654
0.9361
0.893388
0.836597
0.758977
0.155374
0.214819
0.172255
0.172255
0.172255
0.0873633
0.172255
0.684132
0.0883045
0.781821
0.310039
0.34316
0.416539
0.416539
0.718756
0.413195
0.413195
0.67296
0.67296
0.190924
0.394717
0.304667
0.494095
0.36438
0.67296
0.375611
0.425477
0.643124
0.414929
0.201484
0.813455
0.44189
0.671881
0.328538
0.753691
0.731132
0.710549
0.710549
0.832124
0.710549
0.414897
0.753691
0.527663
0.394578
0.518865
0.394578
0.137933
0.788183
0.858865
0.880248
0.803925
0.818533
0.742452
0.472691
0.501632
0.710768
0.754926
0.860206
0.384174
0.684132
0.765553
0.708755
0.908362
0.860206
0.799538
0.304667
0.372898
0.251814
0.217655
0.298625
0.220928
0.254549
0.323851
0.251814
0.217655
0.377942
0.155664
0.251814
0.181744
0.31421
0.702061
0.765553
0.440674
0.440674
0.381301
0.602127
0.322029
0.312479
0.802383
0.718035
0.566629
0.9361
0.733227
0.772654
0.825398
0.743499
0.605385
0.90128
0.765553
0.67296
0.658707
0.723368
0.818533
0.695507
0.880248
0.751481
0.844957
0.366135
0.179327
0.240602
0.249119
0.249119
0.216739
0.306697
0.53154
0.653259
0.553758
0.236251
0.236251
0.323181
0.185896
0.304667
0.304667
0.528468
0.2695
0.65408
0.65408
0.667888
0.322544
0.684132
0.772502
0.684132
0.0512651
0.304667
0.0512651
0.0835602
0.109817
0.0792929
0.0687329
0.0957783
0.857033
0.868481
0.79464
0.901224
0.935341
0.363226
0.202162
0.197132
0.521947
0.221077
0.521947
0.45967
0.521947
0.61463
0.621284
0.809125
0.789007
0.0883045
0.171121
0.0458728
0.137274
0.238911
0.179439
0.67296
0.684132
0.767002
0.881883
0.881883
0.630089
0.809545
0.809545
0.866368
0.67296
0.708755
0.684132
0.772654
0.772654
0.768469
0.815011
0.743434
0.90128
0.661132
0.67296
0.552765
0.355123
0.394578
0.440369
0.929877
0.929877
0.875082
0.397695
0.402464
0.194997
0.65408
0.712855
0.700988
0.108345
0.0504643
0.401052
0.518865
0.135686
0.171803
0.170605
0.528468
0.297944
0.43403
0.344795
0.407722
0.528468
0.43403
0.7635
0.324447
0.312479
0.608858
0.608858
0.148122
0.11658
0.638173
0.804852
0.772654
0.496594
0.708755
0.304667
0.218559
0.429908
0.476204
0.661132
0.488618
0.488385
0.496231
0.444139
0.281579
0.526392
0.526392
0.488618
0.411305
0.488618
0.62134
0.488618
0.425477
0.431601
0.236251
0.236251
0.354111
0.236251
0.630089
0.510077
0.521947
0.36438
0.45967
0.384174
0.661132
0.684132
0.743434
0.661132
0.217894
0.253449
0.247183
0.333444
0.45967
0.521947
0.661132
0.767002
0.0791774
0.0791774
0.235198
0.881883
0.484919
0.621515
0.510077
0.457264
0.510077
0.221077
0.547806
0.654943
0.599917
0.552063
0.45967
0.412571
0.36438
0.601215
0.304667
0.45967
0.521947
0.447443
0.198111
0.684132
0.661132
0.684132
0.684132
0.901224
0.49558
0.827047
0.765553
0.67296
0.767002
0.661132
0.881883
0.67296
0.881883
0.765553
0.232883
0.71821
0.750475
0.765553
0.447443
0.532445
0.440399
0.447443
0.461985
0.520201
0.749198
0.370063
0.505322
0.600918
0.553758
0.521947
0.157641
0.767002
0.711873
0.152413
0.191791
0.221077
0.172618
0.304667
0.67296
0.661132
0.540183
0.407036
0.521947
0.684132
0.684132
0.139175
0.139175
0.447443
0.45967
0.213506
0.658707
0.505322
0.521947
0.720984
0.361273
0.425477
0.232883
0.593106
0.67296
0.720984
0.643124
0.505109
0.423117
0.789359
0.728758
0.697976
0.564838
0.447465
0.414929
0.184517
0.147061
0.287826
0.634164
0.492725
0.416539
0.57212
0.684132
0.658707
0.684132
0.576472
0.521947
0.440399
0.521947
0.289206
0.680863
0.670796
0.798136
0.888258
0.0730062
0.579099
0.444084
0.395178
0.473237
0.395178
0.414929
0.183362
0.461966
0.576764
0.881883
0.209813
0.0776196
0.718035
0.566629
0.128414
0.767002
0.767002
0.658707
0.658707
0.658707
0.190244
0.269709
0.67143
0.342354
0.357343
0.45967
0.45967
0.776303
0.5256
0.11658
0.440399
0.447443
0.381755
0.269666
0.310952
0.103767
0.238042
0.110367
0.593106
0.708755
0.35029
0.846259
0.461112
0.643124
0.361273
0.481752
0.615865
0.708755
0.836597
0.712332
0.148601
0.426343
0.644707
0.484919
0.36438
0.708755
0.593106
0.827047
0.567609
0.743434
0.658707
0.684132
0.80618
0.67296
0.67296
0.233816
0.425477
0.061138
0.574933
0.574933
0.667213
0.807994
0.704493
0.712855
0.338008
0.311376
0.683412
0.306688
0.36438
0.653259
0.443393
0.623282
0.566629
0.658707
0.902332
0.553758
0.233816
0.414929
0.457256
0.549817
0.881883
0.402274
0.67296
0.295463
0.67296
0.860206
0.768996
0.860206
0.668447
0.749932
0.658707
0.619086
0.881883
0.684132
0.526392
0.213506
0.236251
0.279535
0.351283
0.185896
0.836597
0.505109
0.836597
0.765553
0.659113
0.677333
0.661132
0.322029
0.333444
0.684132
